500
40 684.84
38 830.96
66 302.25
79 241.44
34 115.47
56 405.60
99 225.62
94 658.80
84 531.21
48 475.25
98 158.65
86 471.61
68 874.09
14 718.77
78 878.16
27 408.67
39 108.93
3 138.04
48 835.02
94 830.62
25 657.40
93 713.07
33 237.16
32 877.66
4 625.01
86 307.52
15 499.14
34 768.93
86 415.27
86 108.55
57 278.15
44 259.56
12 887.17
75 145.93
16 751.19
31 339.49
58 314.69
9 435.31
2 529.42
59 747.15
57 804.60
77 520.22
21 884.75
81 247.71
93 962.32
86 370.72
56 836.58
88 483.66
96 435.99
58 413.02
40 953.49
47 166.19
25 324.86
42 806.04
91 754.68
19 940.42
32 500.36
25 413.36
83 711.83
30 724.30
85 195.92
41 409.48
53 924.73
3 999.67
91 511.09
87 912.81
9 297.54
86 526.72
4 497.65
33 306.84
48 510.68
35 241.35
18 409.72
69 894.79
69 534.30
99 359.33
16 435.82
19 948.80
83 599.34
3 404.52
78 678.11
18 437.58
96 811.93
40 200.70
14 217.41
63 387.07
35 582.43
61 797.44
84 317.92
15 574.62
90 314.11
11 565.83
47 120.57
10 760.36
70 507.47
98 172.54
80 684.99
76 146.44
37 923.93
30 643.29
6 962.82
56 475.71
53 144.82
41 420.41
71 857.37
50 820.50
63 421.20
86 249.15
75 782.92
22 450.43
99 521.10
45 799.02
99 274.33
50 842.02
31 114.17
64 888.43
8 332.95
23 178.60
81 373.77
26 766.99
48 865.99
3 856.79
94 548.56
18 821.52
8 313.13
29 157.68
95 457.19
3 406.05
59 196.52
9 534.58
45 486.39
57 665.00
26 404.21
90 363.60
59 992.15
27 638.87
29 417.02
54 542.81
35 242.67
6 298.90
32 754.77
94 534.50
47 410.43
17 225.78
74 401.34
26 490.60
82 843.12
20 898.06
47 766.85
46 194.51
42 798.94
42 470.88
24 267.56
73 547.66
3 898.80
34 590.14
24 761.65
88 687.40
56 191.24
48 266.94
16 100.71
27 808.63
56 159.06
76 181.05
14 420.94
68 912.59
81 323.55
3 789.84
74 762.80
53 858.81
4 977.41
65 695.29
77 774.33
83 914.69
100 616.17
82 624.35
59 327.46
19 259.49
64 663.44
88 833.64
27 776.38
40 171.12
26 133.15
100 637.46
16 710.57
13 291.62
10 801.21
57 482.40
79 611.37
65 122.24
42 900.58
26 658.15
11 818.89
73 961.22
16 166.77
39 387.33
48 202.32
9 318.24
29 266.14
6 636.89
31 325.50
49 693.86
67 282.17
50 431.44
17 323.42
94 127.12
97 706.37
95 301.70
54 586.00
76 253.53
10 886.52
59 108.24
36 387.88
70 700.86
12 376.10
54 404.93
5 810.98
16 191.98
22 639.57
89 908.79
45 916.96
88 463.04
9 622.69
29 229.79
80 865.37
91 208.69
42 208.80
77 475.76
59 371.48
53 102.86
79 551.27
35 154.52
68 611.57
20 427.60
39 698.42
52 674.48
55 983.98
14 931.34
79 697.97
45 709.45
63 279.65
41 268.12
67 172.80
39 307.63
86 155.23
15 862.62
9 605.81
82 579.69
41 216.05
41 236.07
61 509.75
88 424.41
19 652.98
7 630.43
12 450.33
36 866.23
99 825.80
97 922.90
76 839.79
32 821.60
71 850.33
57 506.58
72 698.56
88 988.40
26 215.76
46 559.30
17 447.74
16 164.23
17 264.77
55 307.05
14 816.55
12 566.67
34 671.00
67 417.97
32 967.84
38 923.59
46 270.44
79 596.08
24 775.46
29 946.71
85 978.03
17 443.09
64 223.67
12 422.16
87 136.77
24 164.14
4 884.50
29 488.61
48 608.82
44 430.37
74 855.50
90 366.19
31 623.00
68 832.28
84 907.84
51 253.05
15 568.84
5 719.18
49 264.40
58 149.92
18 478.40
46 264.03
41 839.17
4 502.32
51 788.38
73 743.42
85 220.56
85 349.62
74 312.03
83 696.68
98 295.55
95 355.42
74 773.86
46 478.24
85 443.33
69 867.56
94 972.50
30 937.69
36 976.08
78 399.71
55 963.70
87 783.24
4 570.74
84 796.88
45 676.40
14 999.64
86 789.88
10 244.56
93 760.21
19 183.70
94 599.80
10 777.08
30 535.31
33 161.21
93 897.89
25 548.25
11 826.06
15 938.37
53 708.01
84 291.28
20 633.99
2 779.98
71 349.74
47 471.18
46 441.10
30 605.31
96 408.81
49 431.20
77 604.52
34 934.72
97 560.55
52 733.45
81 159.73
51 121.90
85 246.05
22 566.36
40 155.62
84 887.77
19 638.30
11 856.52
54 486.94
7 295.31
96 286.70
47 910.65
53 206.37
23 784.58
37 857.61
74 515.45
44 307.65
21 488.07
13 181.57
83 695.75
26 646.17
96 653.65
46 342.01
11 559.52
19 761.99
45 402.04
12 873.91
79 392.68
58 801.29
95 469.63
67 249.95
47 832.58
32 912.50
30 741.06
85 528.04
27 209.38
4 211.22
13 899.93
19 866.35
90 626.05
100 236.76
30 910.41
48 103.62
54 776.58
39 126.66
1 837.32
10 277.83
77 182.17
63 490.07
20 469.31
56 372.41
41 974.97
22 865.84
14 178.51
28 224.19
41 560.15
48 601.72
30 143.13
34 411.19
70 738.96
91 402.81
65 477.97
97 206.56
19 249.46
53 752.62
22 795.33
89 204.43
97 392.70
45 816.59
93 590.10
56 628.15
21 430.84
42 530.70
79 915.31
94 210.48
32 882.20
100 468.08
9 451.65
7 493.94
56 102.47
81 727.91
11 611.91
59 829.78
32 251.26
30 297.85
23 644.78
52 155.36
86 718.35
28 1000.85
33 458.23
14 437.61
75 453.72
47 105.53
8 617.72
35 471.91
55 540.25
97 518.64
95 926.67
29 579.67
10 258.48
64 580.93
1 609.45
33 996.43
98 685.72
95 788.81
54 648.63
21 719.28
55 304.85
73 798.00
10 615.31
29 253.94
92 467.33
56 403.42
31 435.25
45 815.30
38 488.88
64 282.79
43 924.15
23 318.19
58 488.56
1 324.59
70 397.58
15 422.21
94 507.01
57 478.77
17 837.62
94 304.74
100 767.68
58 513.49
19 766.24
52 440.90
55 557.21
19 777.98
100 427.86
52 790.77
47 546.09
85 792.44
55 238.27
6 885.10
43 860.27
16 977.29
85 236.40
3 889.35
96 109.55
18 502.15
51 818.66
19 873.71
20 555.57
