2000
22 234.40
100 309.06
80 895.12
47 200.29
45 915.93
65 901.14
6 257.02
7 507.30
32 211.09
20 792.57
90 543.15
24 971.17
96 925.00
55 365.15
5 518.31
50 852.79
45 552.89
24 960.49
74 847.50
68 208.45
2 719.31
45 657.45
2 269.48
21 831.67
73 998.88
60 841.49
43 700.74
94 947.05
94 692.43
31 796.55
57 659.85
14 942.99
1 506.33
16 161.18
42 128.91
87 729.09
15 804.66
28 133.31
71 491.04
10 195.71
86 133.09
5 420.61
78 331.71
25 869.22
52 929.06
85 406.23
45 938.77
34 463.79
94 819.27
30 342.76
19 212.70
87 285.12
3 360.73
67 895.43
50 287.82
13 977.80
59 227.84
89 403.20
13 726.18
66 669.11
37 230.48
50 562.01
67 537.75
10 476.91
44 533.26
65 353.10
48 394.26
32 494.33
82 634.06
75 731.56
23 330.41
84 520.38
29 410.35
96 939.96
96 121.69
5 513.47
12 813.96
57 340.74
19 588.66
49 699.88
29 954.16
17 134.75
89 971.47
80 451.30
95 336.05
6 604.76
89 375.65
48 224.16
34 937.41
53 158.28
34 532.61
88 175.94
72 322.82
93 917.17
91 907.92
20 247.27
86 913.26
96 705.26
11 166.67
78 884.63
60 337.33
51 559.59
59 501.23
87 878.92
94 307.69
15 551.48
41 174.11
39 813.27
88 984.07
16 997.11
14 805.56
81 888.21
83 518.57
57 585.61
79 728.09
9 487.75
97 359.12
13 461.96
40 120.88
60 363.18
5 858.51
53 373.58
69 722.31
17 643.79
67 230.24
17 167.73
56 994.98
57 672.59
23 263.26
76 188.21
7 356.84
52 311.85
72 637.98
38 310.37
22 118.61
21 707.28
99 288.14
73 687.58
12 537.20
33 181.43
100 653.35
72 533.69
32 934.21
99 878.94
13 599.98
11 855.64
14 478.04
99 286.72
33 269.14
4 840.14
70 961.18
51 852.02
43 955.56
39 371.34
82 216.80
73 187.45
94 675.91
24 917.70
71 737.03
39 881.03
71 576.65
57 999.28
11 995.07
75 576.34
14 490.22
27 465.54
73 239.11
99 292.46
22 352.16
30 364.74
6 234.43
17 603.37
76 626.43
43 923.43
58 841.99
79 979.64
29 920.06
94 207.18
85 856.40
65 945.04
38 841.62
67 860.07
32 444.65
10 525.52
33 689.09
21 902.28
35 847.52
32 966.21
1 182.30
13 486.35
64 356.17
70 710.84
70 538.00
48 221.91
63 196.23
64 741.03
58 451.20
3 491.98
20 306.65
77 716.15
98 223.39
39 359.56
15 304.54
52 241.64
84 608.28
17 901.94
58 436.80
44 547.18
69 598.94
38 418.12
85 248.18
25 632.35
86 845.04
95 336.44
25 336.76
65 151.21
24 618.21
23 729.88
89 394.48
37 842.26
77 535.18
57 253.58
74 921.66
28 931.93
89 931.71
8 300.02
72 217.40
93 313.35
12 208.77
28 215.84
86 472.58
59 872.06
18 397.97
67 265.07
2 338.80
26 260.04
33 100.53
12 794.74
48 577.50
64 544.20
60 182.57
32 191.69
1 755.24
81 857.21
92 412.94
47 340.22
30 883.39
91 449.00
52 269.74
56 517.41
70 686.22
58 584.64
84 754.35
95 819.21
57 612.41
35 892.59
14 840.29
49 365.93
42 400.62
34 240.58
64 810.41
29 820.57
12 509.36
93 359.27
100 428.19
71 773.13
91 472.73
23 465.86
73 770.79
58 576.31
59 272.11
49 169.31
86 755.08
11 222.35
90 190.39
7 201.35
45 847.09
87 601.68
46 244.50
10 798.50
45 699.40
20 743.60
6 970.60
89 600.59
59 888.56
3 774.37
22 829.77
28 545.12
58 309.78
72 735.75
44 534.44
57 438.24
6 639.27
75 909.93
53 568.14
34 948.59
83 405.16
89 824.32
43 957.45
18 869.61
25 149.97
83 486.40
4 944.34
92 462.18
90 327.42
71 690.24
39 653.68
65 488.68
39 311.32
83 730.01
86 228.81
16 857.97
24 791.04
99 280.29
21 466.64
91 507.88
79 549.26
65 965.14
89 649.88
19 216.22
61 719.03
96 456.41
83 621.73
20 133.02
2 908.79
96 678.92
14 180.17
55 848.81
99 948.13
87 451.05
14 456.96
21 789.34
22 165.68
17 415.06
15 791.99
61 134.17
38 712.00
25 501.33
33 616.69
79 477.69
79 935.41
72 370.04
14 225.08
54 892.79
63 766.02
34 657.08
2 216.32
16 791.82
26 849.52
62 798.84
93 900.53
100 841.61
16 476.40
93 662.27
94 448.18
49 889.47
60 730.78
34 542.50
82 726.39
4 345.45
68 838.21
13 644.15
95 450.50
62 648.59
66 548.48
30 611.62
35 665.94
4 305.36
53 984.42
3 317.70
60 376.64
39 839.68
9 142.48
94 849.86
5 807.51
44 404.96
63 905.49
48 756.05
9 340.50
79 581.57
62 898.75
81 795.47
23 987.32
75 455.35
41 556.36
55 406.77
46 679.44
26 777.03
97 912.36
65 277.91
26 500.89
41 431.71
70 857.30
65 212.92
7 167.91
6 412.82
39 353.96
25 545.34
56 801.79
76 335.16
15 511.75
60 189.87
35 202.92
59 743.51
45 795.98
91 252.87
88 223.67
86 406.86
81 455.78
85 551.03
95 409.96
58 443.50
49 170.66
46 276.90
46 835.21
87 736.22
14 997.92
95 737.51
39 528.71
96 539.31
31 492.28
64 212.66
97 312.43
38 667.52
73 188.48
1 628.74
37 517.23
77 586.98
92 473.65
47 711.10
23 909.90
19 287.36
28 903.56
97 457.16
43 485.52
81 372.26
48 479.98
77 154.39
70 275.22
88 714.27
32 997.04
9 637.32
48 868.05
55 582.16
61 405.66
82 344.02
79 748.28
34 938.70
65 235.56
44 954.84
72 324.79
2 460.14
91 346.63
47 135.24
96 921.58
74 321.47
37 439.96
92 379.83
6 157.11
90 742.24
16 361.78
71 259.08
96 652.67
75 263.13
88 125.56
44 185.64
31 826.38
11 777.83
16 182.94
67 119.69
12 678.57
73 380.99
87 470.24
73 336.66
87 718.33
71 648.99
13 338.79
52 562.95
89 742.29
82 448.61
20 272.23
55 550.26
77 842.69
46 795.21
82 909.17
98 618.05
71 997.56
14 837.53
46 386.46
3 281.45
34 325.41
63 799.95
81 836.56
77 830.06
78 970.30
41 311.98
48 613.32
8 860.52
16 474.61
82 988.00
55 925.55
50 735.35
85 292.85
74 204.80
8 620.49
81 489.90
97 971.31
66 689.27
24 970.40
56 146.13
57 786.80
47 165.17
26 705.05
31 208.67
51 275.99
22 107.38
78 848.29
38 463.49
89 158.74
95 330.05
8 569.85
77 538.68
4 907.59
34 979.67
26 613.82
85 918.10
30 953.99
21 378.79
50 496.51
58 654.12
10 262.93
85 998.77
11 254.91
77 342.87
14 632.28
3 550.24
18 117.76
87 425.68
29 719.73
95 768.85
88 300.17
63 139.60
15 324.42
91 125.93
55 900.32
96 663.12
58 962.54
91 531.75
65 761.39
58 157.51
95 107.89
66 656.71
56 257.50
50 742.42
32 769.31
40 143.49
35 910.77
80 844.54
19 875.75
94 924.80
27 904.02
8 304.52
60 905.30
14 249.96
74 253.74
76 912.02
3 886.48
48 165.86
57 964.81
37 236.75
32 971.22
76 347.73
76 961.47
76 237.31
74 554.13
85 406.18
34 616.45
30 141.76
25 852.75
73 142.59
34 710.52
50 310.73
52 128.12
58 105.91
76 723.92
75 774.61
3 362.51
13 158.04
60 369.56
21 581.67
70 820.92
26 172.66
4 697.16
64 932.96
42 293.56
83 285.63
71 198.08
75 462.24
39 526.79
44 724.91
60 762.91
94 398.64
90 483.66
19 898.45
96 546.62
7 594.55
99 918.70
44 556.87
85 712.06
30 430.53
81 718.25
48 254.39
16 224.04
78 757.33
41 449.02
10 850.42
17 500.44
90 377.03
65 682.69
77 534.12
1 372.36
33 129.72
19 489.99
51 465.32
95 598.14
50 579.07
1 370.83
5 958.38
38 201.96
7 642.84
58 208.99
37 817.66
21 445.47
74 443.68
14 926.50
65 398.79
64 380.94
65 820.88
65 241.30
29 162.64
51 112.87
11 332.49
86 642.27
91 587.82
17 431.66
11 457.16
53 116.89
73 361.71
16 452.90
25 342.18
29 472.59
87 752.09
26 624.33
46 276.91
49 863.81
54 439.78
74 533.60
76 281.30
13 826.11
20 288.27
50 269.38
71 851.16
81 303.59
17 637.75
87 243.72
14 998.61
20 817.76
50 399.02
4 923.73
65 744.10
33 996.47
80 655.21
64 408.16
45 412.13
63 584.27
8 970.08
52 450.39
48 153.66
33 254.76
44 320.58
99 508.61
56 658.75
44 961.84
25 830.84
79 298.94
95 365.34
97 741.64
63 712.45
3 723.01
72 462.90
85 331.65
28 344.64
25 110.39
7 614.74
72 658.15
53 417.18
99 918.07
1 940.31
85 590.69
34 523.94
48 961.66
59 792.01
78 202.19
81 801.63
53 784.60
89 287.73
72 293.60
65 634.58
5 673.58
66 616.87
73 237.07
63 743.24
52 463.05
18 465.49
54 319.99
1 327.76
12 402.64
13 529.78
46 531.50
85 335.04
68 451.70
90 504.16
94 705.91
29 124.64
54 224.31
56 480.47
51 405.67
25 428.00
19 731.07
48 906.12
89 560.49
8 932.92
1 215.99
67 375.64
93 663.85
59 973.97
28 621.11
86 199.01
70 628.22
87 722.59
40 384.20
72 606.14
12 288.69
50 692.24
18 410.19
63 426.62
2 438.50
52 812.82
17 935.22
42 692.27
92 593.46
38 338.99
79 432.78
96 841.91
43 946.98
10 640.32
1 816.13
61 786.83
80 623.86
57 417.96
68 703.77
81 586.14
7 923.89
94 996.47
41 337.00
82 592.01
18 958.20
24 586.72
66 972.06
32 580.17
45 528.28
30 875.23
57 134.60
10 571.40
75 678.88
100 497.14
60 970.47
95 826.80
64 385.08
13 786.12
95 696.13
88 567.09
21 433.68
16 656.11
6 919.54
84 533.02
5 739.47
92 639.90
38 983.50
2 858.22
10 205.18
20 735.47
26 726.69
50 532.91
48 188.19
2 957.36
21 309.31
63 436.42
72 286.14
58 994.99
27 484.65
44 116.80
52 517.88
77 847.50
32 273.75
32 750.57
1 821.95
27 297.26
72 264.52
7 346.80
17 578.65
78 333.04
84 418.80
34 654.19
27 976.35
96 456.23
40 420.09
94 494.84
52 880.92
23 878.49
45 191.73
32 711.03
35 463.19
28 875.67
26 421.86
23 111.77
55 112.97
77 930.85
70 477.17
7 920.08
64 494.22
94 554.98
36 798.55
25 719.00
44 431.69
42 928.61
81 378.61
23 367.17
43 984.35
45 503.89
33 548.75
78 181.86
69 414.05
69 500.78
65 532.32
57 915.11
90 918.49
94 322.87
97 346.36
56 365.18
51 576.11
11 282.70
75 168.43
70 720.23
35 381.47
39 131.39
62 269.44
54 690.16
33 104.33
87 903.40
86 556.16
81 382.51
45 540.48
36 701.89
99 961.61
95 986.27
8 887.92
95 952.95
97 297.13
70 144.96
72 247.50
23 999.06
47 437.44
4 491.98
23 878.04
71 882.04
59 463.09
47 863.99
71 281.77
42 639.27
49 174.11
52 642.60
7 622.38
60 589.71
22 210.23
72 580.78
72 369.03
58 209.16
51 622.12
21 412.34
22 115.33
31 503.69
47 817.88
89 745.18
20 800.96
39 439.33
21 643.50
99 944.57
61 486.71
37 388.76
6 671.92
98 121.38
9 440.65
69 240.14
10 879.30
6 251.60
88 794.26
28 473.12
28 238.18
55 135.28
82 130.31
15 364.36
28 576.57
17 404.14
51 790.67
1 802.19
19 737.06
98 675.88
55 308.99
100 486.20
66 561.06
16 890.30
61 783.56
34 130.90
99 806.53
35 262.19
4 228.50
69 714.21
27 618.03
95 669.68
55 742.43
32 478.53
49 704.93
69 126.10
85 639.76
39 893.52
74 321.93
87 531.31
99 338.28
16 843.82
42 344.00
74 292.38
14 578.63
67 863.41
22 388.15
8 631.59
20 401.13
95 937.70
43 308.88
45 280.69
11 367.15
27 944.77
6 363.22
53 751.15
19 256.53
21 392.45
100 625.66
32 436.52
34 430.98
64 708.17
68 388.51
38 432.11
37 348.36
3 676.21
39 537.41
81 445.09
86 300.52
96 590.00
83 540.38
3 790.12
61 132.88
35 402.44
44 404.90
99 887.92
43 316.65
60 272.11
75 112.72
32 648.89
77 459.16
31 981.01
8 409.56
12 595.01
13 426.76
9 137.50
58 504.74
34 144.50
67 164.34
70 869.26
45 409.15
23 431.50
57 356.68
81 780.90
15 322.75
57 556.17
23 482.71
4 834.68
26 107.59
2 254.95
45 961.03
53 276.70
5 711.53
34 872.15
10 919.79
48 803.52
50 403.93
26 455.56
27 592.69
39 370.44
23 216.69
17 211.38
87 613.40
54 791.39
72 659.70
68 904.19
88 649.44
63 264.36
36 193.93
46 885.35
6 121.98
94 776.11
73 898.53
92 194.05
74 804.32
84 762.42
2 416.71
10 990.63
62 168.54
45 250.99
72 713.40
34 320.88
8 843.46
66 132.79
97 642.09
77 482.00
45 617.62
81 296.45
83 126.44
23 263.48
3 757.52
92 272.15
59 797.89
11 361.91
13 962.73
47 100.32
65 907.88
52 519.28
38 678.93
49 859.37
75 637.21
62 903.18
3 285.01
96 677.34
62 921.00
92 937.04
33 959.99
17 288.48
48 537.82
36 404.01
66 912.54
3 324.69
11 653.72
87 395.35
75 345.74
35 279.14
5 669.91
47 613.35
3 389.19
20 947.16
45 719.80
95 327.89
98 350.56
82 937.97
33 685.37
83 199.72
52 916.26
13 413.81
25 368.64
40 772.56
87 104.65
43 361.60
70 638.54
77 883.22
91 268.91
14 199.46
63 574.39
10 388.97
93 477.87
67 501.81
1 277.37
31 558.99
46 264.28
82 767.26
17 392.10
69 594.14
89 953.86
72 979.31
6 996.66
17 315.99
79 523.64
77 423.44
39 896.32
81 925.91
10 427.74
23 991.36
54 139.65
20 681.53
100 572.38
51 309.09
63 520.50
76 652.59
40 604.14
93 753.10
39 762.01
71 471.52
37 224.04
38 316.20
68 887.87
6 334.58
3 341.21
68 783.59
61 898.43
76 370.32
47 629.22
78 925.99
5 290.75
62 915.27
15 694.53
33 964.91
93 322.55
74 162.21
73 948.59
98 962.25
13 163.69
58 517.93
63 286.99
1 904.11
51 285.04
62 915.17
80 237.34
26 805.88
30 174.03
77 173.89
81 962.35
62 554.34
89 778.54
8 503.57
70 189.36
29 404.78
13 319.59
40 886.92
90 538.02
30 225.61
24 353.93
70 613.90
13 456.78
18 684.07
99 405.18
80 246.07
29 815.57
85 810.21
20 248.22
62 113.37
51 238.98
86 883.79
19 670.55
4 530.33
58 410.01
17 852.42
82 978.38
70 301.57
21 337.63
26 321.15
20 403.06
26 133.25
13 148.91
23 360.44
20 516.52
77 967.95
54 883.08
35 948.03
2 963.72
77 473.67
63 909.68
10 186.40
6 635.26
1 449.71
51 107.91
56 941.86
26 263.59
46 873.50
58 240.17
9 328.89
1 868.82
77 656.63
39 455.60
4 702.79
85 618.85
74 571.73
47 428.90
83 247.82
25 139.00
23 235.45
14 607.01
71 760.00
68 749.12
11 128.44
21 878.60
65 902.92
88 571.20
49 809.70
52 204.26
4 503.56
51 871.69
20 588.43
81 204.33
7 736.87
83 193.99
42 329.20
69 161.45
74 190.61
60 750.16
81 128.44
42 213.29
29 506.96
66 911.31
36 528.23
1 171.17
81 713.80
80 277.92
81 841.70
61 819.16
22 816.22
82 821.02
57 692.01
16 900.80
4 388.14
46 314.05
57 304.14
36 650.21
45 483.99
74 935.30
85 832.32
57 435.59
75 867.55
17 831.31
6 239.07
85 397.51
35 849.58
19 947.52
20 562.61
8 647.51
17 309.06
76 987.71
44 304.72
6 318.61
81 901.81
45 633.86
6 462.24
62 211.96
5 516.95
78 621.03
19 530.80
53 971.73
68 579.22
51 538.39
89 280.17
50 949.89
71 949.06
70 130.32
59 832.67
75 945.98
78 486.20
80 234.01
27 894.07
96 705.63
86 107.39
58 526.70
74 264.13
35 234.84
16 201.49
38 512.36
15 612.93
40 101.79
89 443.88
94 457.72
31 450.11
26 328.89
12 211.52
85 493.07
11 912.16
50 709.87
24 251.18
28 947.79
11 749.15
50 129.56
67 205.78
47 942.60
94 454.68
5 937.06
38 123.54
28 270.10
13 303.27
69 253.87
47 195.52
3 424.05
45 479.69
62 922.23
99 1000.32
79 909.29
4 818.71
66 547.67
20 217.61
52 402.55
92 133.98
36 683.52
89 511.88
38 909.68
74 640.37
21 960.29
48 444.22
26 245.37
60 152.57
24 115.97
85 259.71
22 918.79
53 270.87
1 711.73
76 405.91
46 375.57
64 397.72
100 925.37
2 401.81
48 126.50
20 368.49
32 953.24
15 834.54
27 388.59
55 590.32
46 780.41
7 460.43
93 355.17
40 282.54
35 413.44
25 322.25
34 860.95
6 305.30
1 261.54
47 400.76
77 189.39
10 262.82
96 279.05
91 710.38
100 842.05
80 353.56
72 363.62
26 998.22
89 565.96
77 783.63
69 823.03
31 218.64
80 983.05
12 817.23
56 191.08
91 776.67
2 596.01
83 667.83
57 299.21
59 867.94
29 349.31
95 721.61
73 850.83
61 208.71
46 548.77
35 528.97
77 328.31
23 312.81
42 197.89
93 792.26
2 520.89
85 347.75
81 777.28
42 774.78
6 800.17
58 489.84
94 732.19
19 699.97
88 565.06
81 519.61
67 616.90
20 403.12
31 745.00
80 768.70
73 939.64
69 906.98
93 929.05
88 781.45
35 338.38
42 160.03
58 429.62
35 696.08
75 587.40
23 557.59
63 253.32
47 842.96
100 360.14
40 845.30
80 930.52
84 830.70
30 385.88
14 884.66
8 224.90
20 319.61
67 445.16
46 911.81
52 916.33
73 109.48
54 700.02
14 572.39
89 849.46
79 590.98
70 363.80
18 402.26
83 144.59
47 843.84
5 749.75
55 715.81
26 943.71
47 726.34
61 981.42
42 203.82
27 729.40
7 101.69
23 918.15
87 404.12
39 457.67
3 889.59
53 167.03
79 885.79
46 342.39
22 617.35
72 466.90
48 492.73
55 155.75
100 159.95
56 602.78
99 338.10
54 770.01
43 601.23
16 257.30
16 304.92
2 324.52
44 246.97
81 460.91
45 139.61
32 769.48
67 743.86
48 553.94
74 252.71
40 621.01
6 221.75
41 442.21
94 901.88
7 632.53
18 131.52
19 884.07
13 291.50
21 345.90
71 459.79
43 141.81
13 186.62
25 670.96
95 393.92
70 773.43
91 954.53
6 878.57
65 721.28
42 986.23
84 642.78
43 552.42
82 996.00
6 682.56
69 422.06
41 680.21
27 197.72
27 598.10
15 231.00
71 576.76
25 572.24
62 450.28
19 715.42
50 800.57
6 890.22
8 278.50
14 585.12
91 753.74
90 407.37
5 464.77
55 438.78
31 717.60
81 768.00
85 918.20
69 777.25
81 697.71
41 782.90
78 273.44
31 625.52
93 798.04
14 124.92
94 799.26
17 265.29
35 404.46
52 272.44
41 181.56
66 271.10
62 690.41
10 694.29
42 125.58
39 186.89
39 409.25
77 473.51
67 742.30
1 888.48
5 728.18
11 621.57
32 941.02
54 175.12
50 284.52
57 259.04
8 832.40
48 454.52
50 784.57
94 629.87
98 698.55
15 641.44
99 724.48
41 213.16
14 602.05
37 757.95
81 240.77
80 630.12
93 510.28
87 139.99
31 844.51
58 243.22
97 764.45
54 958.48
82 572.57
31 489.88
69 129.54
38 868.98
29 594.20
63 865.54
7 791.03
53 982.54
17 906.20
85 217.44
31 878.52
39 951.06
41 977.73
96 620.74
80 993.89
53 237.32
65 870.57
97 437.19
80 516.22
52 820.25
43 763.23
22 291.26
13 652.53
68 283.22
34 310.90
55 678.27
86 717.01
49 185.51
43 303.95
84 868.70
70 468.96
65 272.71
53 662.71
95 814.91
20 357.83
62 325.96
76 833.57
30 502.94
15 731.36
90 928.36
65 579.95
47 113.01
56 940.05
92 475.71
4 882.35
31 901.35
100 483.36
9 542.61
58 753.88
12 557.32
30 634.22
51 112.30
24 876.65
90 759.48
7 656.32
68 702.13
79 430.53
91 805.65
64 581.16
31 349.47
34 436.64
58 769.28
53 659.60
55 465.77
54 842.41
34 169.68
51 353.28
69 234.47
37 879.09
8 547.29
13 750.93
84 283.81
61 909.27
83 288.98
2 403.32
10 606.83
58 609.04
61 311.41
2 840.72
16 947.61
77 990.74
45 895.82
24 114.23
88 802.89
71 742.12
59 596.11
80 334.04
2 859.96
77 232.28
36 195.43
61 533.77
98 463.05
49 903.76
87 317.73
20 107.02
97 142.08
34 638.50
72 294.66
94 927.06
55 928.75
48 433.54
67 972.25
18 575.61
59 123.91
82 900.92
71 359.94
39 612.02
23 288.09
40 246.26
100 475.90
77 293.74
22 317.26
71 882.23
73 424.10
46 616.88
44 367.20
63 416.82
58 292.15
76 984.07
85 128.74
56 699.73
66 367.92
48 797.21
81 485.78
84 415.33
57 918.16
81 911.41
82 900.17
76 500.73
96 905.22
17 792.65
47 159.95
60 476.46
24 412.18
3 464.36
92 251.08
4 479.58
84 954.34
78 673.19
33 725.79
1 162.16
38 353.13
9 874.65
64 276.69
52 413.07
96 933.79
20 463.50
30 105.08
93 240.65
27 945.94
95 354.65
90 875.32
39 797.99
52 250.68
73 496.16
84 161.42
46 433.02
62 318.41
58 865.42
59 121.04
57 850.40
55 787.22
64 114.52
13 640.24
73 139.75
7 721.42
62 401.35
14 190.21
2 118.18
58 962.13
99 294.82
12 304.51
9 204.98
76 510.43
2 312.18
97 507.41
67 922.86
10 906.70
10 244.05
98 207.28
36 600.91
50 420.22
97 569.19
39 346.66
18 701.10
27 308.43
20 919.30
48 262.01
27 896.95
43 335.33
73 998.17
58 547.45
88 430.06
94 165.76
55 471.80
21 936.03
40 399.79
56 851.39
49 475.22
73 318.98
17 167.50
20 760.15
62 544.27
66 377.46
14 739.72
62 885.50
89 566.88
98 508.12
92 350.41
38 979.49
89 581.16
36 984.22
49 361.30
87 892.06
62 109.56
42 822.12
50 275.97
83 783.46
21 452.61
11 212.90
36 561.32
88 600.47
33 167.65
33 944.27
82 796.51
83 844.76
46 629.28
44 972.01
93 146.96
22 129.21
43 832.76
42 310.51
88 193.63
31 218.44
31 395.51
41 479.76
82 379.10
87 656.08
20 428.80
29 541.88
5 364.82
2 950.39
35 422.11
69 168.88
76 145.96
45 307.26
98 691.81
63 696.58
59 589.82
76 652.56
8 546.76
24 459.70
97 596.05
92 637.75
37 798.63
88 462.19
15 781.43
22 756.05
74 620.41
25 792.49
11 592.12
34 857.66
44 824.58
8 554.67
20 213.86
76 789.57
78 841.54
85 738.84
25 720.24
21 174.29
44 455.13
72 585.95
48 706.39
80 395.13
33 317.83
24 120.23
68 713.72
45 917.31
34 298.14
16 693.63
96 700.36
90 332.06
57 982.73
32 578.97
13 987.46
65 490.13
11 110.38
18 813.30
26 138.09
73 317.95
73 512.94
8 899.42
27 720.46
100 972.24
75 192.48
15 399.52
17 122.37
69 859.29
15 115.31
12 603.08
76 466.34
78 402.24
93 929.56
95 248.63
29 999.34
81 330.65
12 182.92
98 618.51
65 641.18
47 419.72
24 903.22
7 686.68
18 111.27
36 353.15
52 341.13
57 694.91
41 198.31
61 902.58
34 691.35
31 398.49
60 399.68
90 811.34
96 265.96
77 920.31
53 269.62
40 820.50
22 584.69
91 387.16
50 930.30
51 157.25
30 182.47
44 212.14
47 878.68
83 397.09
64 106.61
20 988.73
21 652.81
8 176.74
6 492.29
90 333.88
89 926.01
95 908.69
45 320.90
55 411.93
76 910.11
19 308.23
49 700.59
18 392.96
16 914.72
9 287.77
10 255.13
59 369.11
20 745.93
58 695.95
28 107.23
49 132.01
48 255.96
82 122.65
24 339.65
53 777.84
20 394.31
25 184.92
16 433.30
72 395.27
97 988.62
76 300.04
35 801.95
89 857.12
31 517.82
95 460.08
89 427.19
4 192.82
41 474.31
41 159.47
66 353.85
5 556.02
55 557.69
75 571.22
12 803.39
75 278.88
59 789.25
89 941.11
3 888.45
22 274.27
79 333.17
57 433.05
64 729.46
48 210.60
92 511.96
70 870.96
45 129.93
37 553.24
26 992.66
93 847.34
7 624.39
21 638.03
71 585.56
37 389.66
52 626.39
30 326.18
64 663.99
64 349.20
43 624.18
80 677.40
40 610.19
80 680.01
13 875.88
16 536.35
39 569.35
100 484.25
82 186.15
21 183.34
70 704.54
52 789.31
97 564.23
25 279.88
76 144.96
27 362.44
7 155.74
28 916.48
42 581.10
55 258.03
5 497.61
29 790.51
5 574.54
45 357.71
12 548.34
54 215.58
28 169.67
26 646.86
41 995.24
89 396.01
56 138.83
41 451.17
26 188.13
95 493.31
52 568.22
25 326.95
4 155.31
40 716.11
11 444.74
50 261.31
1 223.76
23 962.31
32 683.60
100 403.81
4 298.18
24 412.63
12 566.42
36 126.45
67 707.74
19 662.65
10 294.98
2 261.54
