1000
59 797.79
82 181.09
4 539.90
92 194.47
74 106.78
25 599.37
85 307.75
34 866.23
43 818.60
31 473.88
90 977.75
98 196.33
2 931.73
68 635.88
23 755.06
32 272.08
91 513.91
42 702.04
78 509.02
18 842.87
11 124.28
19 506.08
100 579.07
30 237.86
14 970.65
32 549.89
94 815.97
10 198.47
70 903.67
47 958.10
73 262.43
18 693.68
43 975.13
33 807.86
64 525.64
94 934.24
67 678.25
55 597.78
54 225.76
85 207.12
52 717.66
43 953.49
98 842.80
17 672.31
72 106.55
53 648.34
89 974.45
21 803.33
89 655.07
63 485.81
78 204.31
28 808.87
77 295.32
53 926.18
44 620.73
94 902.41
8 470.24
77 138.81
30 792.16
32 550.31
91 621.17
31 746.49
6 754.00
83 846.30
32 386.88
11 978.48
34 667.77
54 646.93
8 133.85
52 376.23
67 353.14
81 947.82
20 204.69
35 861.23
31 601.75
89 972.59
47 765.52
55 803.99
43 259.49
9 882.57
71 472.64
20 681.39
16 373.95
52 215.04
63 719.25
34 763.97
90 543.06
89 385.72
28 603.07
24 485.98
70 226.84
91 945.82
67 930.54
52 193.99
74 706.68
77 671.54
2 127.65
81 961.44
79 100.94
65 274.12
93 198.73
42 613.09
19 580.23
31 707.84
71 267.26
41 401.64
33 739.94
6 555.03
53 598.15
21 890.51
64 522.97
34 848.07
27 994.26
88 919.19
58 823.49
60 180.59
57 603.03
40 971.48
73 263.72
81 664.63
63 890.98
68 323.02
7 776.53
11 708.93
57 106.61
93 669.07
79 416.81
74 527.20
53 265.83
62 411.34
63 445.97
11 536.60
98 931.38
59 973.04
51 513.73
91 514.35
25 196.48
49 872.05
11 481.03
23 744.66
85 363.29
7 490.50
45 354.09
6 749.51
67 750.78
64 217.01
30 249.43
18 792.23
51 519.97
57 727.32
77 876.85
82 155.03
94 485.60
89 243.98
32 279.63
44 269.11
29 821.91
42 964.51
2 703.14
59 481.12
41 494.67
94 980.54
13 501.31
36 323.01
39 618.91
70 814.68
26 372.82
97 438.25
90 242.53
98 255.58
5 311.21
21 841.05
79 283.77
34 872.52
62 432.80
18 103.22
61 937.84
98 582.45
96 590.16
19 306.52
81 171.36
37 900.46
4 493.91
18 443.14
24 309.42
19 789.70
38 488.47
2 266.04
23 279.28
92 225.29
14 299.15
96 638.87
78 474.52
69 196.88
58 180.96
83 861.52
68 616.81
80 377.56
82 990.00
93 686.81
30 760.49
79 997.79
24 353.92
12 116.63
15 709.12
28 393.04
38 244.80
37 269.27
99 577.87
25 946.22
49 537.28
19 457.58
24 530.51
66 344.03
67 872.52
20 591.59
12 910.39
46 569.14
12 801.59
24 972.24
19 748.87
70 192.73
29 114.72
93 911.64
36 728.63
100 289.27
57 413.17
54 454.52
50 374.84
28 500.86
43 452.25
2 602.28
69 361.89
43 757.36
40 281.48
100 652.04
9 559.13
20 473.55
45 559.16
13 514.74
99 129.52
66 862.49
49 556.99
34 149.06
26 561.67
74 506.22
1 689.99
67 462.99
44 337.64
43 705.01
11 169.48
83 971.12
41 495.17
72 922.13
75 678.81
69 584.08
75 414.00
86 174.80
3 444.40
79 411.26
51 842.43
26 674.04
82 491.92
25 710.68
88 227.77
19 660.40
24 216.17
53 898.76
21 915.29
39 379.10
41 862.40
36 475.76
100 248.90
99 738.55
87 567.41
40 296.79
12 831.11
89 154.46
84 229.03
52 767.68
63 534.76
2 146.84
86 787.15
43 616.27
17 717.29
67 133.32
69 196.14
21 881.77
84 549.50
11 522.95
55 631.39
83 681.80
52 965.03
86 277.15
55 513.77
78 435.32
53 269.64
29 748.49
13 397.47
98 981.52
51 857.40
91 876.02
63 116.08
12 163.12
98 986.26
83 943.10
55 133.86
12 214.81
47 467.44
41 649.10
44 630.78
43 213.69
33 612.52
69 735.60
94 131.23
60 136.50
51 510.72
90 832.45
39 429.47
62 835.41
69 787.81
48 827.68
2 312.76
54 185.16
70 957.03
61 846.55
97 116.95
17 474.28
97 932.51
77 353.65
42 374.10
56 329.19
8 162.25
11 244.30
98 270.85
19 529.02
85 222.03
34 898.98
43 405.26
15 897.69
1 530.54
32 437.47
62 374.11
88 825.43
10 880.52
78 195.67
19 964.55
22 202.12
20 901.89
49 412.65
96 242.00
74 279.68
32 176.42
88 773.71
100 742.05
71 281.82
27 259.52
70 108.19
61 506.40
46 901.29
69 252.21
89 235.00
80 716.70
15 949.54
34 205.93
7 728.17
48 854.41
85 761.98
69 780.46
20 981.17
72 373.77
81 272.18
52 312.00
69 791.85
29 594.98
42 158.97
10 611.47
12 379.93
44 852.89
12 315.65
42 579.93
53 893.96
32 159.29
93 795.64
27 331.33
75 432.87
72 354.69
80 207.12
25 148.89
33 513.01
50 708.75
76 125.46
79 638.39
11 637.48
95 732.15
87 882.83
22 596.23
28 520.14
97 541.57
48 325.61
54 132.63
30 528.05
97 616.11
98 644.60
86 703.03
25 736.12
91 672.71
79 409.11
37 606.97
44 394.36
54 423.88
71 895.49
42 404.92
49 248.70
93 277.35
61 729.71
40 797.69
74 636.50
2 402.03
83 500.00
35 227.87
15 932.83
13 454.05
36 668.59
93 526.21
74 194.44
86 419.89
76 412.92
65 169.24
17 309.02
14 423.53
59 388.82
100 126.73
4 729.15
4 120.24
17 590.44
65 591.18
11 890.44
37 931.42
45 686.01
51 303.08
33 537.70
96 274.11
39 622.57
53 792.61
85 743.14
1 879.24
68 271.37
73 651.79
68 136.30
80 547.33
13 573.54
4 799.82
7 125.82
18 333.76
62 451.53
70 780.62
31 865.03
49 220.29
21 363.49
33 498.03
94 338.25
47 971.22
9 496.26
91 770.16
36 600.75
45 364.73
88 124.05
20 127.66
75 192.60
10 417.60
33 563.52
72 904.97
55 161.49
87 460.04
16 992.64
13 631.41
81 832.54
64 826.46
11 316.40
56 498.43
29 674.80
55 904.42
98 379.00
54 968.09
45 247.06
44 310.09
2 938.47
53 570.74
84 298.82
17 794.93
84 531.72
4 914.33
80 402.83
27 240.30
39 993.91
35 802.14
72 676.29
73 994.32
17 937.31
27 163.98
1 739.33
63 685.79
46 222.51
45 301.71
10 141.03
39 344.74
94 101.38
4 501.39
26 325.72
39 729.83
70 232.34
76 813.56
13 348.63
46 561.34
93 977.92
12 628.40
30 871.26
91 733.96
84 699.65
52 590.54
27 698.21
86 544.31
23 917.07
60 450.90
98 893.44
3 597.87
65 368.84
65 630.00
47 786.61
4 545.39
73 423.34
34 446.67
42 483.63
39 539.00
2 124.59
100 430.48
83 645.44
31 404.81
97 758.96
80 687.60
79 721.13
61 680.37
69 663.74
9 231.94
65 482.57
35 198.09
16 264.61
46 847.40
33 792.72
4 428.41
44 710.99
94 836.10
36 623.68
51 691.17
91 260.46
95 733.41
8 954.99
2 422.75
82 752.42
67 387.29
14 242.02
53 369.84
88 351.75
28 188.56
57 866.46
88 300.59
27 863.02
30 578.96
9 660.26
7 569.45
8 239.09
35 698.75
36 509.85
55 151.38
40 154.17
91 290.18
48 651.12
38 704.87
77 280.00
32 785.77
30 164.38
47 307.17
33 187.14
31 365.69
10 960.82
73 538.17
3 111.03
4 628.26
43 986.69
5 848.84
32 809.75
22 408.99
48 352.62
37 561.53
54 896.01
75 199.14
71 418.74
82 333.37
95 372.78
84 141.32
48 364.47
12 981.42
72 862.01
40 413.53
94 201.23
89 697.00
62 425.58
78 120.68
11 956.61
36 147.12
17 902.80
54 201.51
66 399.13
95 997.06
80 854.09
75 804.72
97 511.37
12 499.17
69 522.80
95 693.15
98 944.38
71 585.09
97 949.30
3 658.26
5 579.59
67 764.84
90 401.49
11 756.57
14 496.98
6 623.84
52 463.23
64 607.56
9 458.21
22 761.73
29 316.16
3 405.66
88 669.57
46 888.38
92 104.29
54 852.03
88 555.80
41 882.20
4 643.65
36 456.24
56 994.45
77 798.66
21 202.85
58 806.42
69 172.47
27 439.99
91 422.64
47 951.73
13 577.82
77 762.22
42 246.55
33 733.43
33 106.94
56 407.75
82 591.06
78 700.32
20 443.32
96 965.62
63 382.71
4 730.15
55 466.66
12 950.96
83 999.19
40 145.13
23 297.77
31 570.76
34 657.94
91 547.96
74 125.57
100 738.40
66 599.67
42 668.27
84 905.14
69 902.27
76 367.49
72 358.20
51 701.09
74 534.98
38 510.64
82 321.39
92 987.41
83 181.66
7 992.71
67 192.98
33 208.10
51 695.49
4 456.12
97 230.20
57 725.50
99 534.37
99 883.00
54 361.74
70 102.51
55 665.24
93 680.93
43 373.26
73 440.04
23 111.13
100 221.94
21 832.02
74 303.24
89 267.18
62 929.91
76 558.90
38 444.55
26 841.59
72 725.09
33 978.94
50 866.95
78 647.42
34 791.03
59 696.74
80 934.14
60 536.95
44 210.96
79 832.86
88 217.61
61 150.50
93 664.63
24 154.96
99 599.89
84 259.19
14 629.18
92 452.44
59 701.55
90 706.33
53 367.75
76 390.74
16 632.86
23 492.55
82 914.68
96 167.90
18 118.24
54 896.31
78 103.88
87 545.73
43 710.05
88 333.09
83 787.77
82 447.67
30 202.20
95 618.79
3 244.97
14 351.81
88 297.62
68 960.68
85 364.25
68 337.87
38 184.13
98 308.14
84 854.40
27 504.41
20 445.12
30 547.55
66 215.71
21 782.90
9 658.68
58 189.84
49 612.20
79 195.53
100 433.31
47 702.49
48 479.25
28 105.84
21 213.46
69 566.44
92 829.66
57 275.38
90 364.25
48 708.93
95 339.02
45 112.60
8 996.18
12 734.21
93 756.10
24 442.22
65 785.78
45 771.85
37 929.19
25 100.95
76 354.79
33 353.37
39 968.42
79 208.30
68 430.49
2 616.01
100 186.77
65 666.19
96 653.56
95 811.31
94 701.40
96 487.62
39 427.10
54 250.79
81 448.79
22 833.15
51 527.58
42 939.11
81 424.54
84 332.10
80 751.04
74 544.38
37 777.35
11 954.40
86 656.59
18 499.32
83 151.99
3 546.62
30 959.43
76 903.18
21 514.44
32 904.20
45 926.79
11 584.67
12 393.57
26 933.72
89 848.50
11 205.21
100 888.23
40 611.60
85 324.68
4 546.52
96 697.95
83 860.62
23 186.88
92 731.10
6 115.12
32 939.04
65 292.04
14 286.46
49 441.63
98 761.47
11 541.29
21 268.46
17 165.96
93 878.92
87 150.96
28 198.68
14 492.99
76 606.28
71 164.72
68 433.84
69 568.31
92 466.86
45 590.49
35 181.80
89 953.58
26 870.75
69 880.32
86 997.82
30 336.30
18 429.89
23 737.28
86 189.14
26 631.70
64 941.49
75 872.26
90 275.72
27 617.80
80 867.82
70 687.40
24 928.52
59 507.61
77 601.73
86 662.47
26 589.24
54 641.78
25 126.83
52 169.25
31 566.77
18 252.07
39 266.80
12 479.72
39 528.69
25 115.89
33 303.02
93 456.32
46 106.08
80 645.72
69 378.78
31 163.07
39 355.34
97 187.93
31 222.61
46 971.36
44 745.76
18 881.00
76 821.82
20 736.77
24 474.10
28 999.01
68 268.65
26 287.33
9 566.56
73 690.01
35 962.12
46 360.61
72 695.52
46 919.08
65 704.94
11 125.89
75 746.95
59 673.97
33 535.16
50 834.78
57 691.70
41 589.21
43 425.59
60 927.22
47 199.07
25 140.79
29 182.22
64 259.79
61 529.93
23 246.04
67 865.17
42 868.08
43 302.56
62 990.41
93 621.89
89 855.60
53 355.40
32 342.37
66 651.87
50 188.33
9 284.76
9 128.90
62 383.19
33 809.12
28 488.18
35 846.50
63 881.56
79 384.06
11 569.18
93 973.71
100 413.57
48 611.55
71 851.91
84 855.07
30 712.63
38 659.17
43 754.90
30 883.12
13 234.10
31 482.48
61 778.49
70 780.99
70 489.12
88 559.35
50 765.93
47 847.34
97 499.95
14 958.18
18 939.51
81 235.16
92 598.26
40 444.26
91 245.55
52 771.52
89 800.78
26 271.28
10 624.54
42 449.37
61 125.18
57 842.42
51 644.99
39 338.81
62 739.98
74 457.27
17 510.73
32 388.27
31 105.67
36 870.98
1 472.95
21 351.90
4 854.47
60 174.41
62 311.71
83 296.11
76 131.19
43 464.22
94 313.83
57 976.42
46 504.24
31 332.90
11 351.41
57 743.36
60 310.78
19 830.49
24 631.57
46 936.36
51 582.14
41 163.69
81 431.29
99 224.08
