10000
5 286.37
9 569.05
42 572.97
78 238.88
95 135.66
47 740.67
87 155.78
79 345.68
41 338.76
41 868.91
12 595.55
45 369.34
72 734.46
64 749.64
61 902.14
1 684.25
28 434.82
77 903.41
74 953.46
37 819.06
26 371.29
60 751.85
71 785.57
83 368.65
65 540.36
60 682.70
72 103.32
64 130.80
8 225.46
23 223.52
43 972.81
38 936.44
87 735.53
84 113.19
83 786.01
99 325.08
83 942.10
55 155.83
54 399.97
90 606.84
84 407.93
12 140.74
45 239.94
27 813.79
66 229.57
19 506.29
62 177.18
3 472.44
27 162.32
74 947.51
35 264.41
2 378.18
55 954.82
60 443.86
6 219.71
64 339.29
16 768.02
89 136.04
17 326.96
18 986.12
93 289.05
10 720.18
31 745.62
80 500.52
97 215.75
46 269.63
46 777.12
90 707.30
76 270.71
69 962.59
78 317.16
80 116.60
29 380.06
53 103.08
6 726.94
90 778.08
53 381.94
35 231.37
67 794.61
65 218.94
95 800.40
43 466.22
14 124.98
74 651.31
5 329.27
38 795.28
10 189.55
12 698.06
66 584.76
52 980.65
73 179.46
20 727.03
32 158.35
1 667.67
22 739.06
43 593.46
33 235.34
76 897.52
100 824.18
76 519.25
93 924.35
66 399.32
28 376.88
23 998.60
26 661.11
11 127.11
81 985.51
58 146.88
46 193.18
7 780.53
27 975.44
86 260.86
76 995.77
40 721.91
84 255.66
24 380.46
18 822.06
87 457.79
92 856.69
21 150.96
27 256.81
87 404.15
75 331.89
23 475.66
74 654.23
28 363.10
25 505.38
65 673.86
17 942.43
73 252.43
16 995.90
37 479.21
97 905.25
89 332.98
20 430.10
8 671.21
49 715.23
55 772.13
15 822.18
50 711.71
98 503.52
3 425.99
43 127.80
43 639.33
39 352.63
75 657.02
13 497.49
14 646.82
80 948.52
38 668.98
7 859.13
4 142.34
35 488.54
93 299.88
85 766.53
79 422.60
73 591.97
59 562.21
95 871.55
95 233.41
27 640.65
93 242.04
62 666.30
17 469.63
94 716.27
58 708.17
53 610.50
99 769.10
96 210.70
40 848.59
22 632.01
12 729.94
67 144.53
28 600.31
94 404.51
60 304.17
38 146.40
46 880.15
100 902.76
34 272.11
46 492.04
92 324.10
32 357.59
13 785.24
83 240.51
15 139.01
67 349.62
32 300.33
95 621.47
35 339.66
41 813.27
97 610.78
2 871.13
9 599.51
40 233.29
24 717.82
95 324.26
22 937.41
39 197.88
40 594.35
54 575.98
74 829.69
18 786.70
54 841.84
23 449.45
89 961.95
44 972.51
37 941.28
58 950.21
68 247.98
81 170.97
73 988.58
84 600.60
20 578.99
86 454.24
47 240.42
53 378.38
23 923.14
18 625.28
85 950.22
43 626.58
31 931.42
83 823.68
7 811.33
66 436.79
80 443.39
48 871.31
21 854.66
84 157.05
4 881.53
43 222.41
86 387.05
3 170.32
17 910.75
46 303.47
77 283.49
73 745.15
62 248.69
75 380.10
18 346.22
3 932.13
82 844.66
22 720.22
43 559.70
30 555.24
62 904.77
74 971.94
52 500.33
54 928.70
4 239.63
98 788.51
7 146.46
28 518.57
92 522.73
24 874.29
45 451.50
39 470.38
54 321.74
18 601.76
74 617.51
89 913.17
64 194.31
77 625.99
3 102.34
79 257.82
50 102.52
83 119.14
12 775.90
64 396.83
95 735.59
81 825.02
59 855.89
38 258.30
7 873.44
52 110.18
56 795.43
100 195.93
26 235.52
84 306.30
14 802.44
51 879.77
30 233.31
2 814.27
95 941.13
4 104.58
32 261.74
52 220.69
6 749.06
29 743.19
31 263.70
15 359.24
69 950.98
42 482.09
95 786.77
68 966.63
1 724.05
42 258.72
8 885.58
41 482.09
21 967.22
54 693.71
37 173.59
38 520.06
63 104.27
13 293.72
55 532.36
38 189.72
11 442.97
78 769.67
29 426.91
83 507.05
2 753.59
98 656.76
98 539.79
54 559.72
3 858.51
30 362.49
5 949.63
69 964.90
63 500.16
68 513.25
96 730.52
3 535.64
59 772.18
83 388.62
96 757.24
93 517.06
37 246.35
76 129.46
11 717.91
26 857.62
22 286.17
38 593.28
44 846.01
7 523.09
43 275.68
10 135.88
54 973.58
74 312.70
78 822.37
92 478.09
18 986.60
87 207.25
60 903.99
77 646.66
51 846.47
48 329.94
83 327.73
6 597.83
63 143.78
56 890.99
69 434.29
44 378.49
56 765.59
41 923.02
23 204.08
28 390.23
67 461.67
44 731.74
78 540.14
89 690.55
32 282.96
49 255.92
1 168.31
88 650.73
34 987.39
63 940.09
23 222.14
28 978.10
21 599.70
88 525.47
15 759.86
78 161.16
13 982.49
1 548.44
44 371.23
23 534.27
93 705.19
73 308.26
17 318.14
72 480.08
32 926.56
84 861.12
53 327.68
73 899.94
3 507.73
94 107.39
3 709.19
97 470.05
80 376.96
96 642.89
70 912.69
81 824.07
30 794.29
48 935.11
64 784.09
80 886.56
69 757.56
64 596.37
71 735.39
58 378.49
91 713.08
9 843.99
11 755.56
44 223.83
3 738.11
37 589.53
89 686.55
63 872.57
9 381.55
20 229.54
43 440.59
76 711.07
38 201.29
66 889.49
58 990.53
91 130.49
50 144.20
21 251.00
33 357.55
87 549.20
76 771.93
5 703.46
35 374.60
72 612.55
53 812.25
96 673.51
51 613.46
34 215.89
44 106.63
15 591.73
34 512.83
86 260.01
20 299.23
28 407.45
81 947.12
7 862.71
15 231.62
95 804.47
40 146.28
83 938.98
70 902.95
43 844.59
99 510.83
42 557.29
81 159.89
1 602.42
3 807.80
94 599.49
96 394.42
79 362.67
10 691.40
100 107.43
66 568.71
12 608.45
11 114.20
11 337.03
34 326.30
96 256.71
64 238.27
74 623.57
91 101.69
74 412.29
74 328.24
83 381.12
17 334.76
39 701.31
71 779.37
21 840.71
9 600.09
53 248.36
89 695.73
90 213.46
72 316.58
62 744.14
15 312.78
30 216.53
91 889.55
67 577.59
19 100.78
67 288.15
58 695.85
95 798.78
62 523.19
81 794.19
63 851.70
69 903.65
8 458.16
68 810.34
24 181.98
21 823.22
29 924.55
68 620.40
47 275.74
45 823.33
57 858.44
49 223.40
77 286.07
63 388.57
19 705.68
20 757.12
86 835.57
42 722.31
4 471.94
84 606.10
92 229.41
98 108.09
15 312.56
12 682.92
74 324.44
60 533.80
47 940.14
52 651.47
74 873.14
58 802.63
73 244.55
47 452.87
17 789.26
15 948.88
50 538.52
4 106.85
63 374.02
38 123.09
36 960.50
89 884.13
83 141.74
48 739.81
68 918.94
36 606.61
80 240.32
26 949.45
94 581.27
6 772.50
45 852.07
40 613.52
33 835.63
89 526.50
97 972.16
3 798.66
89 944.18
64 183.25
69 361.00
94 476.53
43 691.56
50 736.28
38 612.32
92 823.08
59 879.64
88 893.56
82 572.66
3 953.05
11 191.05
4 432.71
43 764.86
16 857.93
3 791.88
83 325.57
40 710.92
50 920.78
31 267.63
56 842.00
63 479.46
84 379.80
24 705.60
93 177.08
26 454.85
39 249.63
68 338.25
85 814.05
71 557.71
28 950.92
83 713.15
39 446.29
21 320.59
26 693.74
7 367.13
18 691.91
93 553.93
84 100.24
95 863.51
38 122.65
14 753.16
100 370.48
33 433.18
10 594.25
77 693.42
22 770.66
42 921.02
7 115.47
28 509.49
71 944.70
85 268.06
13 114.96
45 101.59
89 252.34
33 679.63
31 764.42
37 468.11
52 479.96
76 750.23
8 136.99
86 794.01
22 620.86
43 798.87
59 288.48
9 210.57
35 283.40
78 115.24
3 627.51
36 627.91
54 314.78
54 303.03
36 113.87
71 301.30
23 307.21
46 612.71
56 592.26
96 266.73
90 759.36
27 971.03
90 229.92
65 224.58
44 666.42
12 758.19
67 362.07
2 299.85
28 695.35
73 881.82
14 849.42
23 278.03
35 396.27
74 373.74
22 633.38
3 747.84
68 978.06
3 353.59
26 934.89
13 259.86
74 526.25
50 460.69
44 854.37
86 248.35
55 131.64
100 510.32
61 269.57
19 581.85
40 212.73
52 352.81
33 866.39
85 541.60
49 701.08
61 627.95
98 533.35
67 668.61
53 324.91
74 478.98
2 599.70
95 655.57
53 243.08
55 427.91
45 586.25
63 959.39
95 610.40
22 251.96
79 235.43
97 101.38
47 938.99
32 874.74
78 133.93
22 723.69
90 519.42
85 729.97
71 747.29
47 497.09
75 896.97
61 204.99
3 592.81
22 240.61
98 385.86
32 884.35
20 108.76
83 399.95
65 683.04
7 254.67
45 595.49
52 734.26
61 341.47
76 341.44
90 463.71
34 235.15
17 584.59
25 673.09
28 162.78
10 672.61
89 210.60
56 234.12
87 107.85
1 300.96
7 433.37
89 220.00
29 505.99
90 511.91
1 639.80
96 623.59
71 778.22
8 939.45
62 468.17
61 444.18
21 410.92
14 890.58
61 509.57
13 111.57
23 153.32
46 243.50
2 815.45
22 754.58
45 349.73
82 248.55
49 950.56
34 306.92
100 459.14
58 670.78
4 252.94
81 579.81
78 889.87
15 402.99
57 135.81
59 877.11
83 712.14
65 943.34
91 509.80
32 536.54
33 625.48
43 458.64
79 311.34
7 785.11
52 484.92
79 623.50
98 756.20
47 929.96
19 459.24
69 757.75
10 643.86
69 243.40
5 996.84
86 101.41
19 614.36
94 866.64
60 521.13
81 152.38
80 866.28
12 797.50
18 387.51
84 371.12
93 362.35
55 681.34
21 177.68
38 691.18
18 703.44
93 880.91
21 677.66
95 116.39
79 528.16
43 995.07
20 812.43
77 950.28
81 240.39
17 427.09
49 833.00
59 499.46
34 851.62
32 427.50
37 797.13
63 232.73
41 467.50
46 828.47
18 793.23
100 290.60
45 518.76
71 339.34
85 309.70
79 847.65
67 887.25
13 383.95
25 820.80
18 883.23
69 677.36
9 585.16
84 875.70
3 306.73
76 148.26
60 307.47
51 959.26
47 368.13
48 631.53
35 216.15
25 704.21
23 934.51
75 182.73
72 839.50
88 625.22
61 431.27
16 619.19
57 854.26
59 286.90
6 822.40
29 368.95
73 554.10
6 603.26
39 516.46
8 372.84
28 695.67
59 838.82
78 157.82
69 388.74
27 138.38
58 583.88
55 531.00
43 509.67
62 673.95
3 890.09
75 367.54
16 921.81
13 402.15
11 347.26
64 930.30
74 841.27
48 724.59
56 877.49
81 712.64
44 505.19
30 745.29
52 421.45
91 145.06
92 617.63
87 154.15
77 948.52
80 459.92
35 356.47
90 519.97
69 214.48
7 107.48
30 376.10
3 625.83
32 662.85
45 531.69
63 165.78
12 274.27
43 742.69
7 300.43
96 850.94
61 631.96
59 293.00
85 549.03
6 348.35
80 648.32
31 532.45
78 994.47
32 394.95
50 415.66
97 138.32
23 710.24
93 727.00
92 946.83
14 322.78
4 985.03
8 141.87
89 324.33
87 906.63
68 233.73
3 247.68
81 153.17
31 612.30
93 818.94
6 940.21
94 830.90
55 738.46
89 701.64
9 492.83
77 712.51
34 858.07
39 232.92
39 107.40
51 587.22
66 188.20
5 321.97
97 310.22
33 329.05
97 227.84
37 606.32
95 781.71
37 658.88
40 457.02
26 905.51
1 311.50
6 246.47
68 815.76
76 787.17
5 407.37
18 954.81
61 545.18
27 456.22
56 948.96
74 635.77
44 516.60
76 753.92
90 458.13
30 651.17
56 922.30
17 328.34
46 122.76
10 609.29
6 357.32
38 323.70
17 836.81
4 639.38
17 147.16
40 840.40
86 598.16
23 241.10
87 956.86
13 769.29
2 763.96
100 663.93
49 569.90
65 405.61
37 336.72
95 760.61
71 361.44
68 477.58
30 710.58
25 182.14
48 852.13
80 994.73
34 802.10
8 242.90
44 173.41
16 680.26
71 571.33
99 298.07
3 958.37
9 429.74
30 796.81
38 864.21
90 193.53
77 529.78
6 538.21
52 192.22
80 202.65
65 918.96
56 383.68
79 887.63
36 693.16
95 542.93
94 591.31
92 979.74
28 140.61
20 334.94
13 596.82
65 137.69
99 749.66
31 938.48
56 128.15
27 953.73
62 575.41
87 840.88
26 712.93
36 328.34
96 599.25
98 752.55
72 335.27
48 758.29
40 532.30
13 105.73
3 126.30
7 383.56
44 858.33
78 858.25
13 867.88
22 559.76
28 184.10
60 723.56
4 356.98
77 533.45
36 887.81
59 510.30
7 495.98
93 324.06
25 201.14
44 378.53
60 601.64
26 904.52
57 130.13
65 873.88
94 418.94
96 110.84
100 294.30
12 106.56
72 253.75
22 152.31
86 401.18
57 178.56
46 486.26
27 519.01
84 691.05
50 288.51
50 513.67
67 809.97
83 767.49
23 276.00
46 316.98
40 325.20
39 290.60
6 549.10
41 919.37
1 664.44
34 815.10
99 643.82
44 820.07
47 231.86
24 915.78
88 675.08
22 805.46
7 556.25
67 360.69
59 843.90
50 420.77
72 344.93
31 389.35
56 497.29
23 988.87
74 814.01
60 759.01
81 593.81
44 409.19
38 885.98
89 145.28
39 560.52
10 705.37
51 559.12
11 574.60
8 840.06
15 203.27
20 647.60
71 179.91
54 241.04
64 388.55
83 195.14
40 617.11
1 300.42
73 319.92
22 968.60
89 440.13
76 586.81
64 480.33
12 464.40
82 416.68
88 698.41
60 322.98
51 381.36
93 467.81
54 806.54
84 923.37
76 753.02
52 112.41
83 219.58
87 837.20
50 187.09
20 436.56
40 392.83
33 730.62
3 124.73
56 990.72
51 862.86
54 822.71
43 756.90
82 210.74
60 574.19
49 964.63
95 454.17
81 968.75
64 836.46
64 237.15
17 637.34
53 334.14
36 495.29
26 645.95
89 907.22
43 517.23
12 581.79
1 857.87
92 289.31
4 738.92
46 614.73
38 244.73
27 912.60
56 466.88
53 603.31
22 914.98
59 805.16
49 104.52
14 753.49
55 897.39
42 701.21
38 130.77
58 840.31
35 214.90
49 185.58
78 541.49
48 738.23
55 390.13
60 105.12
81 937.42
45 623.73
14 796.23
93 488.64
90 390.41
29 580.68
35 331.17
98 396.94
81 940.69
80 352.14
73 742.95
84 676.84
19 971.22
77 760.20
54 227.83
68 141.43
86 423.70
10 546.83
3 138.17
88 155.82
89 855.05
92 124.79
93 330.36
38 826.99
33 339.80
52 236.10
95 806.28
37 284.94
2 791.54
47 618.51
91 296.66
7 886.35
85 460.02
51 124.49
58 294.24
38 505.20
17 858.51
90 570.09
100 224.24
78 760.20
15 691.84
27 730.71
79 943.62
75 884.23
1 972.26
58 408.60
47 722.31
55 936.45
84 918.04
87 940.16
39 686.30
91 695.27
90 824.10
75 385.98
47 567.66
97 872.88
41 558.37
46 695.03
5 398.90
41 664.52
1 380.26
20 456.33
48 225.84
80 403.19
59 905.56
78 660.12
58 517.46
100 785.36
91 792.04
20 887.26
44 915.78
78 591.33
27 117.64
37 826.86
56 837.56
45 937.58
56 340.22
5 738.85
50 394.54
84 423.76
49 481.50
74 500.68
16 914.75
14 917.24
82 646.89
33 832.93
64 161.43
76 356.70
23 829.83
67 690.66
30 513.02
51 148.71
69 892.00
36 145.87
31 665.76
67 713.03
32 900.95
6 806.75
46 330.81
59 254.92
75 938.87
90 607.17
40 718.16
94 657.64
20 520.54
55 703.39
3 250.33
98 590.91
27 276.99
71 828.14
43 322.26
67 939.71
32 778.87
10 127.64
78 861.89
98 658.28
32 184.30
8 319.79
9 649.61
11 635.67
89 920.39
67 643.03
6 417.86
52 466.44
37 439.46
30 172.02
63 587.90
32 735.96
52 742.85
72 327.66
83 946.05
51 891.54
72 514.57
44 728.47
76 789.19
98 866.89
86 939.82
3 716.53
21 928.05
65 609.37
66 875.36
43 208.65
89 640.68
91 594.11
15 169.07
23 253.31
4 447.97
79 861.19
11 472.90
43 759.31
93 909.18
78 166.03
16 134.72
83 174.29
64 493.80
92 284.82
77 769.96
10 913.22
49 712.15
54 565.40
96 694.78
27 747.88
65 658.54
11 233.12
28 665.01
94 809.72
23 434.06
41 833.12
44 138.91
32 179.02
42 322.12
11 165.05
33 467.22
81 997.80
1 953.05
90 572.39
33 247.56
62 458.19
71 608.78
57 303.94
5 400.89
51 351.22
13 675.88
68 954.00
65 442.35
37 520.02
69 669.54
15 512.49
69 727.83
52 732.54
40 673.77
54 341.85
94 409.75
47 276.59
19 675.56
68 337.74
30 867.08
21 958.43
34 476.00
85 544.14
36 921.37
71 922.64
29 839.82
93 771.18
28 779.68
46 603.28
38 253.35
74 626.71
14 437.88
94 282.78
91 691.35
55 909.71
1 263.46
15 923.85
12 957.82
83 967.24
22 837.92
7 978.24
84 660.31
56 795.65
33 184.07
37 582.68
41 953.82
100 335.51
36 881.60
25 682.05
69 853.27
46 622.98
1 626.94
76 648.42
76 217.39
4 928.42
93 984.30
10 135.00
46 496.67
92 774.88
23 399.23
37 395.45
13 515.64
32 550.96
42 692.79
4 455.10
2 161.70
31 304.53
63 251.46
23 349.77
83 347.56
1 822.07
1 986.58
89 897.79
74 154.90
16 653.03
29 518.63
48 876.26
68 846.04
36 763.20
32 363.28
76 991.31
9 597.75
29 857.34
43 717.78
47 468.07
1 571.62
83 581.45
7 353.91
52 133.14
54 795.75
91 867.79
2 885.02
86 728.23
81 489.06
32 749.32
57 600.18
66 428.93
15 163.30
31 823.65
95 918.40
96 704.57
70 753.37
47 938.51
100 614.97
98 721.61
98 996.05
20 382.50
93 532.16
69 345.53
88 265.61
18 412.86
88 105.96
65 277.57
28 660.32
96 538.81
31 244.76
27 232.11
11 838.85
86 844.46
23 158.95
25 485.21
17 178.43
29 142.76
17 323.50
33 278.53
87 347.83
85 193.73
91 277.76
42 277.15
36 490.62
32 266.49
73 484.45
28 108.39
28 431.95
56 540.94
13 214.58
2 378.41
53 170.71
89 578.55
66 960.93
25 882.37
50 969.79
13 244.09
31 659.91
78 515.75
17 206.55
89 179.92
45 807.06
75 778.50
84 365.28
21 631.65
11 922.60
74 149.83
58 382.93
41 507.50
1 862.79
19 215.16
19 968.89
17 933.83
37 373.42
43 933.78
38 483.00
42 386.36
85 566.09
14 882.05
65 150.05
78 460.12
91 577.01
93 556.34
95 750.40
42 382.45
98 435.23
75 563.58
85 730.88
2 691.19
44 639.26
57 930.92
30 556.54
78 495.73
41 108.13
87 267.83
88 108.23
7 223.98
68 332.22
98 740.70
6 177.06
92 900.25
20 420.64
87 931.61
84 152.26
94 218.25
69 602.52
70 581.28
24 597.03
56 533.43
87 780.79
19 159.93
3 627.83
35 335.83
38 888.37
44 434.01
19 949.56
22 471.72
46 425.65
79 626.91
74 737.63
10 659.82
5 190.28
93 471.62
55 633.03
92 939.87
48 242.80
100 113.64
100 549.38
10 179.42
10 546.02
81 230.67
85 158.23
42 369.78
51 976.50
18 902.26
3 244.05
29 176.67
96 874.89
42 401.55
99 169.19
8 262.04
47 772.03
13 838.36
79 496.53
33 745.89
86 535.59
50 472.50
14 899.87
68 730.72
7 389.44
38 295.10
13 657.48
70 329.01
77 889.74
99 175.79
45 284.60
59 507.43
36 638.52
17 623.75
52 270.53
72 768.96
50 978.68
96 480.02
50 564.39
75 538.72
15 610.44
94 435.11
11 605.74
82 842.13
43 165.90
63 294.61
98 220.20
16 474.45
5 651.58
67 536.65
48 802.48
18 506.13
22 669.11
27 332.29
3 518.57
81 351.38
51 724.52
19 720.77
45 679.31
97 584.17
52 244.56
74 705.84
52 802.11
62 534.43
82 425.08
42 327.93
19 982.84
78 587.28
86 913.35
66 941.14
25 848.73
7 299.91
66 897.19
37 289.82
97 639.25
20 583.72
96 350.70
94 546.27
90 511.39
1 805.06
41 562.24
89 689.38
44 175.38
18 942.12
60 937.84
76 957.69
43 930.82
89 865.77
92 153.12
94 802.89
66 230.40
82 452.37
42 898.81
70 879.28
59 323.99
87 758.70
70 192.26
20 677.90
98 364.23
95 650.79
8 262.36
71 116.89
31 344.71
13 218.72
6 411.50
35 211.29
28 272.90
93 413.55
65 567.94
46 404.08
74 257.26
7 431.18
12 111.08
92 630.73
87 323.68
71 381.41
36 518.82
84 880.08
53 912.66
52 641.85
80 799.12
3 137.98
17 491.75
96 896.09
87 616.06
92 468.45
51 373.55
8 128.32
61 463.46
97 545.98
28 220.39
69 203.24
98 274.86
8 405.21
24 637.00
66 405.70
74 557.74
83 877.38
89 707.73
91 819.42
48 484.78
51 305.10
83 355.30
42 636.93
44 839.23
55 479.51
42 203.58
60 794.60
40 691.30
59 295.00
54 588.10
18 722.14
77 317.10
59 243.23
26 223.48
52 787.13
47 638.70
98 907.09
43 984.37
30 931.54
17 424.45
24 396.13
2 264.02
18 340.07
62 691.82
28 795.19
87 158.83
30 937.29
81 974.62
41 712.55
11 728.54
19 619.50
71 873.17
61 738.47
85 113.83
41 344.35
75 476.40
62 476.80
93 289.37
44 590.69
93 563.32
29 113.06
66 962.96
70 790.33
50 660.55
9 391.42
64 937.07
78 837.02
74 127.94
2 743.74
84 975.60
53 155.79
48 527.31
50 486.22
27 826.62
11 720.81
27 885.35
67 658.67
41 821.74
69 534.10
85 861.20
77 402.56
43 635.53
25 949.66
13 426.23
13 252.44
7 756.14
1 917.33
47 961.36
70 656.64
71 767.71
96 682.33
99 911.43
75 775.02
72 355.05
13 735.30
39 878.70
70 212.93
56 252.76
78 659.99
13 817.81
100 424.70
86 943.92
37 971.07
64 689.43
1 625.78
92 481.37
24 143.93
49 430.42
49 793.97
1 482.76
35 255.64
77 918.77
91 420.47
85 775.31
69 375.46
46 646.93
66 720.05
14 355.05
46 554.62
46 191.15
34 272.35
57 969.02
100 128.55
26 435.64
28 403.07
56 665.06
88 651.47
92 718.05
97 457.77
5 244.52
100 714.61
62 468.84
43 213.73
28 132.65
5 213.23
23 624.54
100 509.25
36 456.57
49 722.67
35 664.47
19 723.16
20 485.53
79 131.59
61 506.39
24 465.90
80 543.54
90 208.18
65 959.35
65 131.14
1 466.30
32 934.14
95 931.48
82 269.84
14 179.44
52 253.43
31 741.46
45 917.19
67 544.89
20 840.46
64 293.76
78 669.26
100 997.73
71 126.14
14 410.70
35 899.73
22 275.31
43 894.98
52 411.68
43 431.71
81 555.92
86 768.59
23 754.73
72 592.78
9 486.61
46 733.15
13 824.06
84 356.47
25 851.99
69 233.11
92 422.76
4 273.62
61 389.19
71 668.05
25 337.40
43 716.00
19 428.55
23 527.38
56 928.26
97 685.12
21 656.72
72 243.78
21 413.00
41 612.28
13 979.84
64 669.60
50 699.24
100 194.37
45 944.66
25 166.20
18 592.19
95 902.52
28 202.52
78 433.34
36 398.65
61 264.81
53 687.45
76 370.77
81 161.41
81 368.72
31 287.47
3 701.24
2 994.25
5 517.23
21 538.30
39 946.36
78 106.26
84 1000.99
67 759.66
66 222.55
75 393.84
44 640.07
97 974.62
63 475.08
31 454.93
83 741.02
59 603.74
95 883.31
40 124.78
83 364.72
73 929.70
28 551.38
99 509.14
23 423.95
95 430.52
18 480.19
90 730.46
85 366.34
96 408.39
5 831.04
57 780.09
65 803.14
91 660.56
29 909.94
95 332.38
68 858.11
42 212.74
75 459.95
65 261.43
9 536.25
35 499.45
78 451.06
46 534.87
98 297.04
8 928.22
76 890.58
4 158.02
3 165.61
74 799.33
60 915.65
50 708.47
47 601.35
13 699.68
19 514.78
78 534.51
68 887.93
18 422.52
43 240.83
57 709.89
68 344.25
17 750.04
29 600.45
5 564.42
87 714.16
80 222.56
66 524.92
31 320.85
51 916.23
12 390.87
76 809.20
74 622.90
22 759.50
15 489.03
97 566.48
91 578.47
60 266.79
34 490.10
88 810.39
93 625.72
37 152.50
76 413.63
99 619.68
31 832.96
8 619.94
42 844.42
28 289.27
47 741.31
68 473.34
44 878.15
94 888.29
70 161.81
86 266.85
29 558.88
36 977.35
65 467.35
100 981.20
23 307.50
9 820.26
59 342.93
64 597.31
22 130.96
38 768.73
65 141.68
68 998.73
46 384.62
11 861.00
49 283.97
81 878.19
82 648.69
35 239.08
90 292.50
26 295.34
94 136.39
27 457.51
94 218.36
3 520.60
63 694.97
45 221.86
2 526.53
69 419.30
42 407.47
2 935.65
47 913.63
68 391.28
7 262.36
81 194.94
14 578.48
63 569.92
96 301.17
29 311.76
49 882.96
71 669.18
29 172.19
81 214.01
42 272.40
58 563.24
21 454.45
86 199.54
87 273.13
1 616.26
64 472.35
53 713.47
27 661.45
77 401.80
47 944.08
10 127.95
41 444.96
23 596.91
49 833.98
24 290.81
83 459.49
51 620.57
92 609.63
34 496.67
33 487.19
29 701.40
28 508.10
9 532.62
38 874.42
36 274.93
18 965.43
47 351.91
66 584.15
86 384.82
20 710.99
89 465.37
45 796.07
41 831.93
75 115.20
92 755.39
95 138.90
77 626.74
89 948.04
1 846.91
45 660.68
2 309.15
28 822.28
54 171.83
31 256.87
8 863.21
72 256.63
79 687.51
2 337.17
96 189.18
57 753.47
37 533.16
64 967.84
5 234.54
31 350.00
64 636.00
67 706.45
15 538.47
94 878.87
27 198.54
30 429.49
79 185.61
48 441.00
73 249.31
58 624.29
4 694.97
33 202.27
54 901.86
88 427.05
56 209.88
97 905.24
37 120.92
22 154.28
50 310.58
20 505.62
44 936.67
12 164.02
23 295.95
67 873.70
50 571.28
80 655.83
94 737.15
81 965.96
4 675.27
1 940.10
17 685.50
25 996.16
82 826.23
31 783.12
69 933.06
47 133.17
41 385.21
86 124.87
41 139.76
32 789.46
74 630.93
37 268.37
99 969.47
30 460.15
68 192.63
70 893.50
2 186.35
27 424.71
43 596.59
16 938.33
8 819.26
49 348.78
43 436.04
92 545.17
14 717.05
2 443.21
11 543.29
75 140.79
100 154.06
61 513.76
7 159.20
58 189.98
8 770.83
50 266.32
26 397.95
76 950.36
65 252.50
9 340.05
77 820.49
36 812.24
13 605.55
25 448.50
24 509.15
15 371.92
86 463.89
51 819.70
78 352.42
69 682.00
100 434.61
20 467.09
32 367.83
53 668.22
28 239.95
91 513.56
61 900.20
67 936.55
88 449.87
47 874.10
25 744.21
24 350.30
7 864.44
73 419.28
94 497.84
45 259.64
70 629.55
9 932.07
26 650.73
80 278.73
79 779.18
70 120.67
30 976.33
6 895.45
90 426.74
10 601.82
55 464.39
94 373.53
94 474.53
99 786.89
4 207.96
73 376.43
53 790.88
11 210.31
44 908.44
71 970.67
2 134.37
8 213.80
84 991.10
57 975.57
94 898.21
99 586.84
83 621.61
36 841.64
46 435.49
76 282.04
24 769.78
56 431.03
52 691.12
6 570.92
100 960.92
1 910.77
20 650.15
60 844.91
46 273.01
11 445.81
20 537.52
36 509.71
55 613.67
56 179.13
86 719.72
23 619.76
13 332.68
22 516.88
53 144.54
5 943.79
14 724.11
77 326.42
59 718.52
73 509.10
77 647.07
10 598.78
46 725.66
93 580.83
10 493.55
57 867.04
81 636.96
11 551.61
71 765.30
85 615.32
89 776.43
79 718.29
65 100.48
38 846.03
99 594.37
63 228.41
75 303.58
26 729.77
39 265.54
19 215.37
43 476.51
83 957.95
30 611.06
91 959.40
83 863.75
20 281.23
13 141.01
38 703.94
8 234.67
90 194.80
62 432.35
13 612.78
16 746.45
26 272.55
3 919.91
59 508.06
54 785.01
13 478.42
16 988.26
70 252.93
49 215.41
39 917.79
33 895.52
61 183.17
65 797.53
90 921.37
100 463.76
44 541.85
17 329.71
81 846.65
68 222.88
6 778.21
69 252.61
73 877.60
63 110.39
82 688.31
100 985.63
56 709.15
92 157.89
77 443.69
80 394.84
68 690.20
80 638.75
29 109.25
89 972.31
33 427.43
46 387.80
25 468.07
26 332.47
66 326.68
56 898.40
92 165.74
55 219.78
26 508.87
92 875.87
55 262.80
72 340.72
39 201.64
8 331.88
19 396.35
18 221.80
99 992.52
82 883.78
10 767.89
71 108.23
88 133.60
60 109.55
29 110.11
1 253.54
80 571.53
78 281.56
54 333.54
19 232.90
42 826.28
16 356.24
16 341.65
28 577.05
80 791.11
77 364.25
24 440.97
32 304.59
22 622.71
44 133.32
97 213.14
93 353.45
1 228.52
27 642.04
91 897.98
85 159.25
4 584.35
46 296.84
15 922.76
29 887.62
92 428.35
42 638.52
42 339.35
86 419.81
42 995.86
65 151.61
75 240.74
97 728.72
29 738.04
71 797.80
39 753.95
5 545.62
84 217.40
42 860.62
40 325.51
8 795.80
41 394.42
82 904.30
16 851.48
38 277.59
23 950.38
57 385.26
90 271.67
82 564.18
54 311.83
17 838.06
69 773.43
1 659.14
41 398.35
70 109.77
13 494.98
17 144.63
27 415.89
26 303.90
15 762.69
13 199.65
46 452.22
23 804.62
85 477.62
10 811.76
100 807.53
64 476.55
25 399.90
14 681.67
6 171.53
70 847.93
57 497.48
54 626.03
82 359.05
5 217.10
28 207.85
73 271.22
91 213.23
77 530.08
91 925.59
52 506.74
56 290.72
95 829.10
54 162.75
76 552.69
86 802.11
45 115.03
72 471.35
27 448.34
2 710.71
72 319.11
36 814.01
78 235.61
23 130.58
16 387.26
34 362.90
42 272.94
15 246.99
64 750.51
47 551.29
81 616.54
64 468.35
13 274.88
100 202.90
66 246.90
25 542.16
68 640.63
84 735.90
61 511.09
17 860.78
58 370.25
35 244.24
41 871.60
75 561.26
16 507.08
10 687.46
94 655.97
11 952.44
66 546.98
37 460.25
83 693.92
64 365.56
32 417.84
82 197.90
67 854.72
3 123.75
35 854.45
83 857.42
74 961.94
16 619.23
36 966.49
98 233.27
75 771.30
50 776.81
54 218.45
57 207.23
88 869.98
16 998.38
89 630.91
46 939.40
22 858.99
69 157.20
52 165.84
7 612.69
2 160.29
99 252.02
16 386.36
96 909.69
35 424.98
32 606.49
37 524.86
31 112.50
17 712.95
90 437.33
12 478.85
29 720.24
97 457.23
25 749.28
33 201.43
8 600.13
62 831.08
73 749.57
94 668.76
9 721.87
20 874.51
100 468.88
77 880.86
91 754.93
76 950.50
89 511.52
68 731.11
67 434.99
32 480.60
87 145.01
50 962.54
38 761.42
31 378.00
77 824.03
23 365.45
9 646.42
39 187.57
70 315.71
26 527.59
99 497.96
40 380.66
10 475.42
6 482.38
80 611.78
12 116.89
65 462.63
36 626.67
32 217.09
42 672.13
44 231.80
76 352.06
38 800.75
40 854.29
23 847.51
75 312.32
87 235.30
65 548.70
10 866.89
55 547.86
74 992.24
34 456.44
51 626.68
47 229.67
13 700.67
71 771.29
11 334.86
82 872.29
8 589.54
9 950.77
87 332.22
10 824.64
29 364.61
46 179.01
49 228.66
62 791.11
44 776.22
84 444.34
75 646.64
75 941.31
96 809.01
62 984.81
12 421.21
2 140.17
45 843.74
83 519.29
33 309.31
3 431.98
8 693.29
1 664.27
26 108.26
24 773.90
85 425.25
97 935.60
53 863.38
74 730.82
27 627.72
8 624.44
62 406.87
92 822.58
54 554.58
42 418.83
52 706.45
64 669.50
60 212.44
33 159.33
51 878.45
10 491.15
24 437.15
45 792.42
15 249.12
47 650.41
87 960.09
13 503.90
85 175.91
83 440.74
24 864.96
61 782.66
55 558.55
93 104.94
3 279.29
42 871.16
81 753.58
71 121.73
24 596.76
85 137.67
53 488.90
96 512.85
61 881.93
72 259.74
50 492.57
5 886.17
2 662.88
30 342.17
78 717.49
37 814.21
80 351.57
82 551.61
89 297.65
4 762.07
57 733.37
90 383.14
50 485.87
86 519.66
78 534.22
32 710.22
90 445.51
11 720.49
96 664.41
45 960.12
86 487.80
42 926.22
99 463.80
21 682.41
6 774.94
70 434.32
8 783.03
58 992.10
55 399.37
87 448.94
11 852.10
40 846.86
20 579.97
58 890.34
45 153.10
93 307.45
47 576.09
43 759.13
95 708.48
85 250.26
89 970.55
15 936.91
46 314.28
8 118.41
54 229.32
34 960.33
88 816.70
35 753.96
85 913.40
2 733.58
19 823.33
72 243.24
64 158.34
85 774.83
41 865.65
21 415.10
59 382.94
91 905.75
25 145.24
68 662.88
36 153.90
51 968.82
88 211.07
32 982.16
34 945.58
78 186.49
71 949.43
46 912.83
85 626.34
72 365.89
54 356.41
77 895.66
5 362.38
72 635.11
60 980.20
19 533.00
40 195.27
31 282.68
54 530.94
14 723.33
49 227.87
92 193.97
17 901.56
34 162.77
67 760.04
62 354.37
25 247.48
32 897.32
19 750.97
49 115.86
58 422.81
30 595.89
82 810.94
30 488.25
53 810.09
48 448.37
86 174.72
41 648.45
67 249.62
31 352.33
22 673.27
80 182.07
28 454.36
8 230.27
43 551.07
50 671.95
30 476.66
67 238.49
64 653.50
88 284.89
59 720.38
41 418.88
82 936.96
34 902.73
42 575.15
91 321.35
82 151.46
45 160.72
58 457.29
92 389.50
27 781.28
21 775.65
24 532.08
22 164.49
82 858.93
74 820.19
81 517.14
64 624.24
90 510.21
80 405.19
89 540.73
54 302.85
68 560.97
90 413.53
67 971.37
100 211.57
73 304.81
17 248.42
25 932.44
60 751.74
23 109.07
53 514.45
4 344.55
31 671.57
81 383.90
4 114.03
81 968.72
27 529.15
100 487.50
47 478.04
1 822.84
82 465.17
41 577.58
94 479.51
70 649.60
14 329.61
5 952.26
62 390.28
97 279.31
67 470.89
84 132.35
9 342.79
22 583.31
12 176.83
66 919.11
2 621.40
3 457.24
58 557.38
49 156.54
22 424.38
9 992.23
65 760.43
83 466.74
42 552.76
73 205.39
46 460.36
92 376.74
60 449.87
86 852.16
21 136.52
23 785.65
47 911.12
25 151.98
94 936.16
14 771.08
80 951.33
13 920.53
39 543.72
21 975.70
83 924.39
8 427.73
58 878.49
63 545.58
3 968.09
18 490.20
1 493.53
39 854.74
12 591.44
85 347.49
98 934.24
53 838.38
71 412.37
13 411.96
16 393.74
90 724.92
79 761.86
97 492.91
24 366.94
92 222.35
52 972.29
42 445.92
50 265.02
26 661.50
66 189.69
55 568.57
100 182.35
90 963.49
79 695.75
33 709.91
92 376.10
80 512.28
23 193.69
3 434.94
49 316.19
14 423.55
83 950.41
29 491.80
9 276.49
81 830.90
56 796.68
45 989.08
80 810.38
92 581.31
22 852.80
66 295.45
67 555.81
94 247.00
85 730.07
89 205.20
82 443.66
13 426.42
79 279.17
1 984.66
14 441.73
89 432.19
87 532.44
94 877.62
16 228.66
37 478.34
76 780.53
41 398.02
95 263.96
33 510.09
77 501.34
22 961.24
96 660.91
83 532.34
59 806.83
69 124.07
19 693.02
27 777.22
75 935.46
62 640.34
75 830.09
26 613.06
87 634.14
63 967.12
7 550.88
53 333.36
24 736.30
44 427.41
15 119.24
44 124.14
62 385.14
42 881.32
13 302.62
68 874.88
70 917.62
67 830.18
1 438.38
44 646.63
6 763.91
49 914.38
98 183.01
11 479.48
70 102.70
16 247.29
66 458.53
69 279.54
62 917.54
89 282.89
44 181.37
53 991.07
9 258.36
97 449.69
33 542.96
7 228.58
29 313.01
65 826.27
16 463.09
66 745.37
22 282.44
11 821.09
65 998.45
63 315.84
72 796.97
82 136.40
39 923.16
27 903.10
39 204.18
73 128.35
60 211.14
93 290.87
93 250.84
34 264.11
46 322.13
48 866.18
4 978.49
57 179.23
5 763.02
96 595.59
77 816.19
67 167.06
56 416.93
75 663.76
36 177.59
29 237.94
48 768.35
47 247.92
64 256.11
99 286.80
37 911.14
37 572.05
81 556.33
14 998.54
46 882.44
76 301.35
37 975.54
68 859.64
12 315.72
34 888.33
27 651.95
2 321.66
13 225.30
22 902.38
50 846.45
72 273.21
15 502.12
55 444.18
46 157.98
31 228.21
3 299.33
48 809.39
2 891.22
19 763.58
91 816.34
85 585.26
6 760.99
83 580.70
25 235.26
14 461.03
64 364.62
58 448.50
75 826.22
14 738.44
36 404.73
64 617.83
59 552.33
9 339.00
69 438.13
45 675.67
47 867.49
69 239.68
97 703.40
83 872.72
84 861.55
29 568.65
72 841.31
38 177.24
37 987.95
48 818.17
32 105.10
3 809.47
29 104.51
65 785.31
64 589.15
23 370.73
77 671.72
47 112.57
2 725.00
70 394.56
15 981.10
64 620.61
86 586.80
98 821.72
95 669.74
16 968.53
96 265.36
85 187.04
8 830.33
48 228.59
69 694.22
92 457.05
21 336.23
48 960.96
21 822.62
70 956.88
17 503.64
100 138.64
43 945.39
73 898.05
75 210.13
83 260.51
39 799.37
24 820.32
63 547.55
75 915.62
4 214.65
56 204.68
6 143.44
66 198.60
45 384.33
79 349.91
16 676.94
13 345.54
5 832.05
10 700.76
91 682.97
41 309.33
68 464.21
86 596.36
81 303.67
67 958.75
20 272.32
54 295.89
6 291.54
31 252.64
4 269.65
95 933.85
59 516.33
78 800.50
100 833.52
48 533.66
23 886.67
60 537.15
10 209.95
60 673.50
29 376.21
3 987.98
84 692.50
29 461.49
61 737.69
52 361.67
94 741.68
86 163.21
98 869.59
1 215.87
85 396.23
83 256.77
83 177.71
21 785.48
64 880.26
91 313.73
74 442.91
100 119.93
30 930.45
39 725.89
34 703.91
51 518.81
89 321.45
37 309.49
76 265.11
98 864.16
98 229.89
72 899.73
63 627.16
51 749.78
25 929.92
91 163.80
98 939.93
55 896.95
19 200.24
51 883.49
59 891.23
62 816.03
73 552.31
46 597.97
15 211.83
92 913.80
43 572.28
72 916.83
57 706.60
98 704.29
100 187.05
71 790.82
62 150.02
38 334.08
56 539.71
22 366.00
68 850.65
46 452.90
20 248.61
29 341.67
6 624.12
86 211.42
13 948.53
45 422.44
12 522.00
100 362.67
69 511.63
14 364.75
52 495.16
36 592.54
45 148.88
97 192.57
8 388.31
21 107.28
82 831.47
95 798.78
29 901.89
39 717.00
13 332.62
30 713.62
23 428.21
89 118.72
97 881.43
47 827.36
66 502.31
93 920.65
45 203.99
11 746.06
30 783.00
65 153.68
46 341.02
15 531.03
70 470.91
25 585.51
10 260.57
6 917.93
46 300.51
63 200.79
29 658.78
9 832.97
13 712.73
39 225.27
51 429.54
5 500.52
76 451.08
95 653.33
54 815.31
22 292.66
80 530.94
52 567.32
54 976.75
8 834.02
55 172.57
86 203.75
6 176.87
90 734.49
18 152.78
37 159.19
25 742.97
48 480.80
2 429.33
97 848.55
54 350.17
58 996.93
63 188.01
87 324.87
68 131.93
55 808.18
33 893.86
64 463.10
93 398.27
3 740.79
22 922.84
14 716.13
44 992.10
51 525.69
62 374.86
62 256.43
24 294.01
31 688.00
58 808.92
1 136.43
71 397.64
27 542.51
19 546.29
17 935.63
56 148.11
85 208.42
94 255.15
66 472.47
85 234.76
2 431.88
33 916.27
100 193.58
96 910.16
34 667.49
63 774.72
36 340.07
91 209.61
30 767.13
4 642.04
8 338.87
89 687.99
72 305.97
26 171.06
67 340.29
52 743.91
4 1000.38
28 889.86
36 362.13
68 888.95
38 608.64
89 547.74
12 434.14
62 805.04
2 119.46
12 656.47
23 288.98
5 960.49
100 791.79
82 775.83
100 635.73
60 883.94
12 774.19
95 447.58
48 145.49
32 784.03
36 890.55
20 323.31
60 366.19
67 668.76
92 782.61
88 227.29
1 848.34
14 230.09
10 593.35
87 906.62
96 180.38
23 114.10
36 879.42
92 470.15
7 408.32
59 733.51
77 188.10
87 728.40
67 395.77
74 100.17
18 628.81
57 384.45
46 297.72
19 764.34
86 942.97
81 580.93
79 291.68
42 444.85
48 664.21
55 467.95
80 896.34
55 187.80
72 261.39
99 573.11
71 338.10
73 738.32
12 857.01
5 770.70
93 112.12
67 559.39
58 586.82
7 688.84
59 143.89
58 724.60
82 654.56
39 262.97
70 529.56
12 225.63
99 749.03
34 244.22
41 385.79
44 312.97
55 310.41
8 625.75
76 236.77
34 535.90
75 732.70
100 280.58
7 183.21
8 799.30
78 509.31
79 827.57
16 961.14
64 595.41
1 455.97
80 268.46
38 391.53
100 507.63
84 407.99
39 661.54
38 218.13
49 294.91
7 448.68
39 907.69
99 339.09
45 214.38
11 176.14
77 287.13
64 327.68
75 784.91
34 718.45
99 726.93
29 403.48
90 820.89
60 556.71
75 772.07
3 503.68
84 474.37
48 181.51
99 957.60
40 353.35
88 753.53
71 694.75
57 109.16
43 789.60
60 667.76
28 728.73
79 991.42
87 623.99
1 115.86
40 431.42
34 534.97
70 917.56
35 312.35
95 387.99
43 766.84
19 837.11
22 450.95
58 836.39
14 300.94
67 670.89
1 347.25
99 181.81
57 575.57
57 316.61
23 961.13
14 741.69
3 992.35
29 296.01
11 332.23
5 589.65
74 364.22
95 237.63
1 396.89
27 485.06
74 616.97
31 198.74
78 892.67
76 951.79
32 665.07
67 193.85
39 797.93
9 909.42
61 991.68
91 618.34
97 380.97
78 898.85
91 742.69
81 676.23
51 552.22
88 207.11
81 168.92
30 753.02
45 246.76
53 833.27
30 936.24
100 615.82
36 927.01
28 548.61
28 427.35
96 747.33
26 793.91
89 505.11
73 799.97
42 703.40
48 581.88
45 265.33
14 110.46
83 131.56
26 508.63
14 710.04
14 287.20
22 597.31
70 474.88
19 134.35
22 612.86
47 470.98
15 152.69
93 718.80
3 213.32
68 659.52
11 498.54
33 150.34
75 864.47
13 136.24
99 801.23
44 149.44
16 289.08
62 760.82
11 870.64
79 581.25
46 225.37
18 315.84
42 385.46
29 561.60
52 426.15
78 687.51
87 743.40
90 532.91
16 402.62
79 568.71
48 817.35
30 441.10
82 991.61
81 160.00
34 957.54
97 548.13
11 982.59
57 182.37
6 208.37
60 999.11
38 635.18
56 982.91
3 223.08
92 132.37
52 294.84
16 882.38
24 223.03
34 152.62
96 192.24
71 508.90
79 662.56
78 187.03
84 509.95
86 294.05
10 937.52
5 867.94
78 485.03
24 320.27
93 748.50
25 429.67
86 807.94
39 482.19
57 971.21
27 390.99
69 820.14
66 872.44
28 745.20
67 442.29
85 856.16
13 164.03
85 685.47
14 714.09
6 566.38
77 811.15
45 615.08
25 304.38
96 413.46
79 579.25
19 309.84
64 117.23
22 104.93
43 950.77
96 366.11
34 965.90
32 136.76
28 541.17
46 323.73
40 584.00
64 692.93
91 597.17
62 277.66
47 548.11
22 608.84
23 682.95
36 482.83
54 423.49
84 322.68
59 985.28
27 333.90
91 786.89
64 332.36
15 385.79
76 705.73
72 112.84
57 973.81
55 172.45
79 622.94
65 603.82
55 108.66
50 551.64
84 181.89
61 832.05
98 763.69
54 535.00
3 670.06
55 693.37
68 542.41
48 141.67
11 950.29
78 150.38
2 565.90
14 247.21
47 676.48
83 599.94
85 1000.87
68 869.32
69 784.46
78 782.42
54 181.45
27 851.32
35 597.48
90 199.58
91 380.19
71 183.49
68 316.85
69 723.51
55 162.30
2 764.88
29 146.14
4 372.01
1 276.95
18 685.68
23 554.80
99 762.98
68 238.11
68 282.99
91 176.65
12 397.90
37 997.97
58 251.76
28 843.03
76 287.12
28 894.28
51 996.14
79 637.67
62 933.44
63 682.15
48 547.21
49 498.30
83 191.05
78 363.40
65 923.19
5 477.90
23 216.93
44 609.53
61 830.30
56 689.48
18 327.98
42 746.77
23 739.97
6 513.27
69 210.20
37 454.37
45 997.49
13 559.35
34 692.29
55 580.48
9 177.25
40 956.55
14 651.48
79 549.08
42 121.24
93 616.41
74 435.61
53 614.54
85 599.29
83 851.40
44 356.49
4 695.65
44 151.27
99 403.51
99 361.01
67 399.82
59 246.66
8 764.88
8 451.72
57 267.11
77 688.02
4 885.85
19 118.89
5 208.14
44 819.76
78 638.06
53 926.85
60 716.48
32 635.18
29 588.03
7 885.65
28 508.78
90 596.83
19 957.22
96 677.39
93 114.58
60 596.90
6 342.49
27 176.08
7 595.77
55 377.09
33 591.95
52 116.85
88 480.88
16 909.41
15 504.16
40 344.72
82 997.73
84 432.37
4 404.93
69 633.32
27 276.84
11 622.81
13 519.54
83 103.92
39 340.74
54 696.44
61 958.35
48 744.06
62 442.73
60 348.16
52 255.56
38 987.20
99 680.36
13 549.24
43 126.56
63 713.43
41 385.16
44 661.22
68 881.96
8 274.70
24 516.11
95 618.79
59 459.04
11 582.52
54 492.88
93 718.56
30 926.31
2 709.29
23 631.80
4 261.39
74 674.70
91 372.38
14 297.89
3 629.77
86 464.33
6 241.87
89 273.20
94 116.33
96 868.10
8 472.41
63 357.43
43 349.18
64 530.30
98 925.73
28 562.26
75 149.48
20 166.58
50 642.00
45 461.05
34 188.33
50 418.09
68 213.48
85 758.43
24 103.50
41 544.51
44 297.42
67 587.54
45 875.96
79 447.26
30 506.92
38 658.12
11 371.96
80 766.91
26 629.37
37 666.88
61 503.37
95 816.35
1 867.90
75 311.56
62 166.64
74 151.35
60 796.80
78 585.06
75 411.65
56 705.53
40 104.84
83 228.89
61 136.73
10 462.76
94 699.74
90 878.33
47 457.67
28 961.82
44 184.14
18 748.26
54 184.79
13 557.64
8 859.71
59 161.97
86 767.84
98 342.30
84 871.57
18 770.76
17 939.53
45 731.44
25 109.72
14 887.35
38 498.71
53 892.64
28 467.62
29 330.55
20 425.33
3 915.61
22 149.66
17 696.67
86 578.64
45 998.84
31 583.85
11 787.04
45 545.65
90 593.02
26 194.86
88 578.65
1 841.67
15 370.65
88 333.80
26 379.83
89 136.06
65 166.18
54 808.11
86 620.13
35 621.76
63 204.99
7 945.24
32 460.84
94 631.98
38 577.24
5 433.77
51 810.02
24 241.55
3 135.20
62 273.33
94 714.60
78 672.56
51 720.85
15 686.98
50 326.49
50 453.20
29 378.40
24 864.12
73 592.51
61 716.36
59 664.71
47 593.14
46 414.80
25 743.10
90 899.39
99 850.99
27 958.10
53 574.54
36 896.30
39 600.58
100 540.51
83 555.94
19 983.80
91 960.37
65 638.20
70 118.02
85 601.09
81 637.75
21 917.47
20 717.30
29 242.30
28 572.12
60 850.47
10 648.95
67 690.16
26 266.38
78 359.92
82 340.68
67 877.05
83 299.13
37 500.47
68 517.19
2 832.32
89 635.59
2 973.83
92 267.35
37 894.48
93 405.97
47 657.35
67 937.95
55 527.64
46 244.69
12 836.82
32 391.23
45 717.87
10 955.12
39 546.69
65 934.54
65 820.17
2 204.14
24 238.84
99 577.72
51 568.84
65 553.12
93 302.01
79 629.65
22 765.03
8 806.01
93 746.28
65 573.81
27 474.87
23 991.41
19 841.11
9 443.90
58 879.09
15 881.82
82 818.92
8 214.51
45 481.92
3 987.44
59 958.27
69 532.15
1 164.28
29 856.50
99 497.26
57 743.18
62 270.58
53 921.05
26 366.86
87 308.25
75 781.81
48 300.98
20 805.09
40 638.20
90 354.00
98 262.87
2 905.73
36 186.92
41 274.13
76 161.27
18 175.06
97 385.27
78 784.22
76 913.22
47 750.67
94 527.12
15 639.42
22 635.97
47 519.17
59 280.30
37 387.71
9 126.78
47 350.89
24 999.83
42 632.74
1 971.75
97 518.28
38 694.29
21 629.62
59 563.49
76 322.96
5 505.32
65 178.09
30 169.55
32 353.40
30 616.79
5 435.55
99 926.67
47 599.15
27 658.20
67 542.85
47 244.12
3 718.93
81 607.73
22 365.41
56 934.25
24 305.43
82 764.62
21 377.11
5 884.82
17 949.53
4 767.11
73 653.44
75 710.85
71 395.93
56 340.18
99 816.33
48 471.98
70 869.47
31 689.40
46 202.27
50 534.78
83 344.93
9 484.79
41 939.56
60 643.05
9 663.15
99 921.20
93 533.57
87 547.18
59 398.55
19 880.10
28 812.74
36 474.44
26 574.14
57 633.52
74 507.74
56 493.59
36 856.00
61 211.99
5 174.44
57 928.31
72 387.81
39 964.63
50 448.32
75 264.83
6 326.16
46 120.54
42 317.14
82 921.73
78 255.67
100 305.68
97 552.44
26 535.42
85 499.75
81 301.81
27 536.24
15 725.24
100 117.94
82 863.48
16 259.41
99 350.54
52 691.54
36 882.02
8 284.09
60 958.35
28 755.08
9 890.95
39 583.71
55 218.38
73 188.05
7 827.96
18 302.12
41 517.02
87 260.68
3 766.89
3 628.51
8 537.74
2 316.05
60 305.07
33 637.06
86 162.38
72 289.88
81 721.93
71 333.99
76 646.91
32 797.78
23 215.70
65 574.19
39 343.80
75 909.51
22 351.63
12 484.73
86 469.90
16 771.75
62 897.55
12 581.02
95 779.21
77 679.03
93 934.03
3 661.17
46 211.20
76 301.95
88 933.80
96 425.32
46 515.74
36 256.34
78 528.58
32 373.13
48 520.93
57 814.40
96 159.42
52 153.70
5 990.91
38 562.67
50 538.30
35 693.38
68 899.19
52 152.36
37 446.96
21 576.34
71 630.65
2 932.84
69 990.68
17 164.39
49 656.18
20 301.19
69 216.74
27 486.41
56 469.63
1 869.47
9 121.72
81 597.23
72 194.67
97 625.73
60 848.88
64 729.32
32 668.14
49 410.88
51 307.37
77 121.22
87 820.84
44 935.42
5 141.75
98 613.21
51 579.55
50 730.43
95 196.92
89 861.70
49 469.60
87 552.59
5 848.56
11 920.69
88 375.92
47 990.44
14 485.28
37 414.96
39 138.34
76 124.57
53 372.83
30 396.22
20 580.07
91 254.09
30 638.29
62 134.63
23 505.85
63 869.83
75 525.75
65 887.84
54 935.52
87 395.20
82 288.27
83 529.45
66 759.67
83 973.98
94 913.65
55 546.10
99 913.74
13 796.45
72 263.58
42 430.63
20 949.56
52 657.23
73 333.29
69 712.00
61 612.35
32 858.36
21 602.78
54 105.24
21 563.46
43 885.29
71 252.16
83 241.24
30 737.98
1 671.44
30 769.70
37 608.67
39 387.52
16 780.69
70 211.47
27 430.08
1 823.39
38 423.81
7 456.91
61 480.44
77 608.34
69 929.68
97 962.29
63 569.04
61 967.84
95 494.19
50 107.05
69 345.85
28 280.22
10 734.42
76 720.76
21 577.86
95 553.23
10 187.46
62 110.46
12 931.31
74 492.98
59 565.43
65 413.96
100 667.36
95 351.33
77 226.25
66 732.88
66 443.00
77 509.86
38 811.80
43 921.21
3 415.95
96 621.15
53 579.68
34 826.62
60 545.09
55 682.17
48 939.13
5 543.90
15 596.48
46 352.81
23 240.67
99 460.08
14 208.60
70 952.45
2 187.98
38 752.44
43 528.61
62 330.77
62 397.21
86 606.66
29 204.88
99 668.46
2 126.16
4 473.57
53 614.58
22 515.66
60 836.10
31 870.11
13 653.18
9 916.14
62 789.35
79 364.35
92 383.90
92 733.12
10 489.35
79 976.36
31 518.57
25 916.24
70 513.64
98 442.29
54 589.98
26 173.45
18 750.77
68 618.12
94 309.07
93 428.59
48 501.46
75 939.23
61 775.03
97 952.39
97 318.54
75 784.32
91 768.29
72 644.82
1 999.95
49 252.52
60 406.34
88 733.47
54 690.49
91 330.62
11 807.73
54 566.36
60 678.54
59 618.37
18 402.09
40 544.22
47 983.53
67 185.08
98 218.35
22 722.71
68 771.57
80 744.01
12 708.54
76 606.88
1 715.19
78 240.57
60 401.11
58 532.31
44 923.07
94 523.21
61 676.05
68 179.47
18 882.63
58 271.40
89 418.44
20 592.42
24 951.00
82 765.44
31 130.88
97 861.75
58 312.42
56 189.34
31 932.76
81 167.92
19 718.62
49 123.62
89 259.84
93 218.57
33 297.50
28 895.39
49 349.17
99 697.78
86 734.28
47 927.83
42 260.95
33 716.06
14 934.23
92 349.82
100 784.48
9 859.73
65 647.08
25 413.99
10 116.35
13 248.92
91 997.83
3 628.83
84 203.58
56 965.34
55 261.20
77 761.86
94 593.87
52 731.45
98 438.07
40 989.46
77 276.05
77 143.98
5 287.86
43 885.59
2 270.55
66 369.21
96 811.71
99 748.56
17 979.05
56 581.41
75 366.18
19 909.31
47 552.79
36 675.23
33 273.33
9 107.27
38 554.90
5 289.37
65 802.77
92 675.29
65 502.08
61 720.89
42 775.02
87 506.21
71 867.50
71 696.43
54 712.82
100 185.73
95 991.45
93 529.43
28 107.18
33 697.23
62 914.58
7 298.42
92 370.90
55 605.92
72 136.09
12 495.11
96 605.15
29 546.20
29 257.96
12 967.97
73 337.06
4 330.84
19 237.40
22 208.20
92 747.83
43 698.98
3 495.36
55 785.15
42 662.14
69 581.66
65 732.82
15 556.80
25 437.29
88 395.13
82 340.70
6 899.55
24 292.46
37 178.54
4 241.52
22 986.12
29 135.34
34 921.85
97 536.36
55 815.52
33 188.75
95 550.40
32 749.44
11 402.41
48 904.98
100 559.18
53 727.82
31 124.56
86 688.05
70 835.30
66 534.23
59 719.31
22 402.59
41 309.28
26 945.16
82 418.08
37 536.20
61 930.47
6 325.27
69 546.60
57 744.95
68 581.15
53 276.52
20 837.03
50 865.13
70 183.24
72 251.09
72 245.48
49 970.36
43 359.51
98 800.31
20 927.00
28 142.44
94 956.99
73 588.34
10 485.92
1 769.29
74 758.11
62 452.51
63 775.68
39 936.29
9 995.74
89 675.88
82 363.53
46 527.00
62 856.24
40 800.52
27 483.54
5 108.02
60 587.27
36 891.92
55 883.53
49 290.44
85 578.53
57 652.33
50 721.92
60 164.50
33 604.28
76 992.63
82 836.43
55 138.55
7 212.06
50 307.95
14 815.31
52 766.37
71 884.14
67 125.36
22 878.29
31 939.63
85 437.55
95 657.51
37 285.59
64 968.69
70 817.68
3 655.70
23 306.39
85 718.31
72 119.84
84 881.61
77 614.02
48 100.32
50 513.07
56 393.69
2 551.03
39 817.81
81 835.12
69 901.41
20 142.00
94 563.29
89 479.26
75 445.08
46 899.09
53 873.75
12 244.69
8 958.75
70 609.59
95 170.99
40 160.13
74 788.45
26 505.74
6 315.12
75 962.01
96 884.89
100 804.95
9 711.78
55 599.80
45 758.19
84 264.95
19 210.99
10 747.76
62 994.91
5 634.40
72 608.91
72 401.07
21 925.29
6 641.14
29 336.25
67 696.83
2 345.00
65 872.45
36 112.90
54 611.29
81 627.46
100 589.86
33 212.37
49 916.57
32 939.84
64 249.77
55 439.73
4 381.03
79 357.75
99 966.77
58 618.09
91 558.73
46 802.38
13 264.46
93 700.18
65 748.60
38 988.89
94 166.23
23 576.00
20 115.01
86 974.46
63 742.97
3 869.26
56 381.26
71 125.90
58 797.10
80 999.16
58 205.84
71 562.30
5 367.22
45 931.46
36 296.94
94 667.90
73 178.02
20 898.63
86 686.17
83 358.26
91 765.86
45 757.11
55 969.77
13 411.80
52 375.77
79 498.69
57 186.57
60 200.30
23 339.62
54 942.16
85 824.43
26 974.21
52 960.46
71 799.54
90 465.23
69 871.97
86 852.07
39 490.53
28 970.80
67 665.78
18 306.43
16 993.18
52 672.67
92 124.74
77 394.30
66 345.76
35 499.28
35 458.36
29 483.41
66 381.36
95 749.98
60 917.33
96 623.24
85 255.97
45 977.43
96 539.26
58 900.01
56 283.96
100 604.02
58 224.93
52 427.30
38 347.40
25 257.75
69 634.63
19 200.43
25 731.98
48 472.73
94 766.73
58 261.16
57 353.61
62 990.35
88 100.98
80 375.54
21 748.08
80 833.85
53 284.10
65 305.11
83 554.01
7 917.88
75 511.20
63 207.47
83 821.49
25 956.79
95 268.01
35 849.73
11 568.88
50 893.88
37 765.23
61 414.39
6 508.83
94 897.95
96 246.83
12 966.42
34 140.91
55 244.21
20 175.75
58 964.56
46 429.91
63 172.80
13 958.35
48 681.74
16 478.73
100 461.68
34 112.02
65 856.41
75 570.58
82 928.22
15 762.04
1 630.12
24 765.04
32 308.13
43 396.58
36 828.21
78 409.56
98 294.41
60 359.49
19 240.20
35 101.43
66 835.84
27 260.63
100 749.98
73 443.36
82 421.18
35 425.15
93 876.70
45 542.08
66 709.28
46 331.60
95 235.12
90 964.78
41 868.39
51 301.64
4 836.71
82 260.49
33 832.14
94 637.18
64 249.61
53 400.82
74 756.57
69 923.25
67 148.57
33 888.77
14 997.24
13 873.77
75 808.53
89 819.60
75 817.28
64 890.31
68 482.24
12 569.23
18 552.52
46 859.12
80 441.46
61 369.90
48 225.51
2 806.35
100 262.54
21 488.67
73 875.24
35 320.36
58 188.63
5 671.53
99 624.79
63 479.47
89 635.74
69 131.22
12 152.47
39 901.17
99 302.27
56 956.90
44 484.75
47 164.60
62 953.74
29 777.12
82 672.56
55 522.14
41 959.25
10 322.85
60 538.83
50 451.89
91 605.91
11 125.26
84 657.64
95 178.16
72 748.43
70 869.58
21 256.79
98 798.17
23 410.78
84 279.44
86 594.55
64 885.97
4 505.21
71 796.70
62 576.91
81 925.91
52 362.55
66 232.55
47 365.63
61 751.21
90 744.73
84 220.41
56 644.55
49 799.35
64 587.67
42 754.42
86 255.30
53 681.89
21 738.75
2 338.76
98 772.83
31 458.00
8 587.28
80 897.54
69 160.35
93 532.33
81 774.37
95 837.10
63 731.46
89 692.94
2 949.66
40 163.56
100 723.79
28 592.48
57 987.86
91 892.33
92 183.36
70 863.99
89 826.94
77 743.52
37 582.71
41 895.24
90 853.65
61 460.47
79 664.10
12 337.28
37 240.48
50 519.30
71 397.46
9 179.62
76 618.01
17 784.96
3 263.03
26 411.96
90 686.87
43 879.79
2 739.34
44 118.29
42 635.68
25 269.69
15 526.63
81 476.29
21 129.82
35 189.86
71 943.04
7 665.40
8 175.82
2 815.28
95 174.38
97 876.04
43 837.42
82 414.53
6 780.30
78 193.99
19 120.49
7 308.09
23 338.83
44 438.52
59 817.33
38 708.80
70 712.87
85 266.05
93 719.53
2 219.93
37 823.48
19 739.40
22 215.24
36 714.07
65 667.12
9 928.21
24 332.00
80 938.11
61 447.10
18 353.80
82 276.66
29 780.91
11 237.91
38 246.71
46 569.93
64 531.69
49 742.20
2 102.34
10 299.97
4 404.35
66 896.82
88 261.01
92 854.71
37 403.78
5 157.55
19 420.43
55 566.83
5 296.33
73 116.86
57 916.37
30 612.45
71 350.08
30 457.93
66 525.26
39 424.71
38 280.84
4 883.66
98 739.96
26 312.85
36 550.65
86 673.65
43 320.33
72 633.62
96 501.58
20 250.79
8 239.43
91 376.55
69 306.52
72 406.02
58 601.77
31 155.27
17 447.41
21 166.48
79 111.60
30 740.30
28 359.27
54 744.66
19 293.01
4 390.28
29 568.96
62 521.90
23 356.88
36 410.44
90 146.92
56 238.43
64 205.04
94 622.00
10 727.90
49 724.43
46 320.96
81 334.04
37 291.46
20 939.34
36 734.69
57 157.91
15 185.51
94 127.89
89 269.45
29 719.69
1 186.23
58 425.10
75 525.17
98 969.06
31 976.24
35 162.02
76 135.50
44 616.82
84 563.14
64 618.59
91 285.21
27 572.77
32 247.81
8 770.64
33 940.64
33 679.74
28 254.25
94 801.69
72 342.55
83 256.23
89 446.75
58 154.76
34 729.31
57 512.91
14 985.90
33 448.25
81 934.28
54 223.11
49 612.30
17 777.61
78 582.73
47 939.85
7 188.88
9 381.61
4 710.97
86 645.51
75 238.99
93 948.64
22 255.93
51 297.75
73 140.85
13 232.75
56 320.61
35 304.43
47 462.05
6 234.88
26 712.50
41 297.86
77 959.36
64 918.40
90 622.55
57 196.60
88 1000.93
14 142.09
36 515.94
13 601.71
69 626.18
67 333.47
35 718.82
26 780.92
3 324.00
62 606.14
54 815.99
63 685.17
28 198.02
64 225.42
94 455.90
52 978.86
53 881.22
37 891.06
18 113.19
30 949.13
55 790.04
11 736.53
69 540.35
14 532.80
50 677.51
78 858.21
59 234.45
75 727.18
60 853.04
29 483.24
87 384.07
12 786.39
70 861.99
21 816.37
43 650.25
50 806.29
56 448.05
8 528.39
21 809.95
53 164.08
61 750.60
95 686.53
85 796.79
26 293.31
68 883.42
71 273.71
31 178.32
32 772.75
80 330.17
68 217.78
79 541.04
94 583.24
18 817.21
80 942.66
22 309.56
4 681.86
1 871.75
67 139.07
7 262.23
52 607.69
63 302.01
91 896.24
2 225.45
29 523.29
6 769.90
38 606.37
31 926.04
27 881.39
64 328.11
78 763.38
63 919.58
1 125.09
19 512.18
37 486.93
23 738.08
19 546.89
91 502.67
54 638.64
74 989.19
48 678.23
50 747.81
11 255.51
9 195.06
55 695.96
13 532.10
82 931.17
43 821.00
26 223.60
64 256.02
73 184.07
2 608.70
88 495.59
60 110.47
25 985.05
43 865.59
36 651.68
11 841.25
55 371.00
33 757.90
5 695.31
72 679.53
11 662.16
61 880.28
80 560.81
80 313.51
37 104.03
9 716.64
91 306.05
21 371.61
41 660.38
47 518.07
71 730.40
69 867.45
12 163.71
100 720.88
56 193.37
85 688.94
19 913.11
33 216.98
16 147.13
86 454.58
56 123.29
92 472.51
30 260.01
60 154.19
47 841.66
22 115.38
44 893.42
46 998.72
15 932.35
32 987.93
79 662.96
58 889.30
78 688.40
80 885.21
50 844.58
65 326.38
29 975.67
2 858.97
21 687.53
81 300.25
36 853.09
51 451.47
19 676.16
86 799.41
44 766.75
97 450.61
74 902.83
42 538.18
2 228.15
23 836.52
25 822.95
25 758.10
64 755.64
14 908.10
58 221.29
31 420.44
49 356.72
88 174.34
46 690.73
83 536.67
18 515.33
97 710.91
6 982.09
92 218.30
27 864.15
91 776.13
88 873.43
39 1000.27
43 561.48
15 582.76
90 310.32
85 544.45
51 153.56
81 703.89
61 880.73
97 924.42
4 578.42
27 375.14
48 257.22
84 918.77
79 482.66
53 164.48
22 862.65
47 499.23
69 805.85
91 366.67
18 480.04
1 863.71
96 922.87
56 330.55
85 760.91
42 924.15
88 103.99
86 444.13
78 832.76
39 600.25
10 678.40
67 660.76
54 586.12
72 881.71
29 555.26
14 594.08
73 285.29
43 428.99
2 798.60
9 838.39
44 754.17
41 195.87
79 591.36
42 308.47
55 411.38
42 257.23
74 278.96
32 789.43
22 966.87
68 283.35
3 904.79
32 146.22
19 214.74
29 410.98
58 885.06
51 895.40
86 205.66
82 733.91
10 882.57
77 431.67
18 503.92
95 807.44
91 648.48
15 862.45
87 874.53
84 168.93
97 383.35
85 228.51
19 702.90
60 853.47
49 324.32
40 445.34
69 421.18
4 309.20
12 286.39
79 821.08
98 931.72
74 136.24
87 722.04
35 108.49
58 647.01
78 660.53
18 271.51
99 510.50
8 757.84
33 566.84
80 903.57
28 170.90
21 643.12
13 279.08
86 633.42
97 202.36
83 404.05
80 717.34
34 993.71
83 929.13
43 202.90
41 190.49
46 670.84
100 436.35
100 960.86
35 656.68
93 233.17
17 805.37
51 856.94
12 963.22
5 344.77
93 503.16
86 933.82
30 203.73
54 342.23
10 387.42
77 932.51
48 275.21
63 601.57
74 868.08
90 381.28
95 672.98
50 621.01
15 278.70
81 368.80
17 347.81
49 371.74
31 814.50
92 157.59
10 416.60
19 925.40
51 768.05
64 358.23
49 419.04
32 767.68
18 227.73
27 244.41
66 249.98
4 686.90
52 521.10
87 615.32
42 565.76
49 978.94
28 172.08
87 644.26
27 646.45
91 738.48
42 740.93
44 430.25
25 991.84
68 943.28
61 496.96
44 179.96
88 511.38
29 623.30
40 335.98
3 330.62
91 433.26
52 840.23
46 907.15
34 502.18
64 431.41
26 495.51
40 504.38
35 375.60
65 365.53
71 796.96
51 468.53
72 654.07
71 351.89
32 315.28
26 548.39
88 765.32
78 126.34
60 327.83
12 702.65
72 978.78
73 627.69
14 271.76
50 404.67
3 497.19
34 303.93
62 217.84
10 520.58
40 793.02
84 972.15
83 717.35
40 577.62
6 385.26
79 831.67
5 514.70
34 549.16
92 820.38
83 122.17
47 879.01
37 290.91
95 330.49
17 247.32
98 939.95
95 983.43
45 804.60
4 554.50
95 915.39
58 639.74
51 757.94
52 268.52
78 241.88
94 550.08
41 691.44
3 177.28
88 702.03
90 544.25
49 971.65
47 246.00
30 906.59
35 889.18
86 941.16
46 544.29
54 748.09
50 696.76
95 910.80
96 216.61
77 536.86
36 429.17
55 709.35
100 997.48
79 583.50
35 735.07
62 153.78
17 888.45
11 247.39
2 514.22
79 419.64
43 753.72
59 474.62
4 762.24
52 756.98
3 280.91
35 254.32
78 170.08
32 124.79
51 907.90
11 889.88
90 643.21
59 835.39
12 103.94
42 622.34
59 178.43
19 123.65
68 765.01
24 688.71
10 842.46
53 527.36
76 767.67
29 778.49
79 861.94
70 687.77
76 931.79
60 853.25
92 197.85
36 488.75
53 450.01
30 864.84
13 365.12
85 244.76
60 718.35
22 618.69
21 345.28
50 543.60
21 628.46
83 337.87
50 969.80
74 163.34
43 795.79
92 953.23
79 545.71
92 257.26
56 851.02
32 780.08
67 950.15
11 660.64
4 441.38
83 878.14
29 387.41
49 936.18
61 999.85
76 173.59
47 646.98
54 110.29
70 707.09
35 689.19
10 432.58
2 458.45
56 504.75
61 299.71
16 991.83
29 569.74
25 661.39
98 967.66
35 504.21
21 279.76
68 347.50
2 426.11
88 707.47
2 246.83
68 394.36
48 483.69
25 312.21
57 587.12
53 715.52
55 386.94
58 891.20
97 246.27
71 384.96
94 219.90
54 625.25
66 994.90
4 137.80
57 560.29
8 107.94
23 728.05
1 649.22
25 930.56
89 616.18
28 700.30
4 522.48
9 433.20
21 910.48
79 999.31
68 430.37
2 940.22
81 581.94
55 737.42
21 884.69
28 988.73
83 942.14
14 925.89
6 465.56
33 998.50
26 366.09
9 519.98
49 658.09
54 450.55
52 107.31
46 961.49
13 713.91
61 115.50
33 843.26
1 598.52
37 381.90
38 133.87
15 662.58
24 328.18
48 150.59
20 741.59
31 947.17
25 336.16
87 590.71
94 502.02
62 254.63
40 353.40
15 413.37
58 653.08
88 136.41
26 843.34
100 787.78
85 319.28
19 913.29
38 259.40
37 171.87
13 210.89
92 683.04
57 596.21
41 879.76
3 712.69
90 701.91
57 166.22
65 187.88
95 296.83
87 779.96
2 828.16
4 464.22
42 561.12
79 746.78
70 182.01
20 849.75
58 791.52
78 513.03
26 666.25
38 263.96
68 510.70
18 488.00
44 932.87
16 775.93
65 256.90
98 891.76
22 468.33
40 113.50
26 518.78
97 623.52
39 267.16
100 685.98
59 939.39
62 129.66
21 978.24
1 954.89
61 540.96
99 892.30
99 600.26
33 473.38
50 194.04
35 298.14
32 914.35
24 962.17
45 867.64
25 221.86
72 210.76
21 986.50
46 170.88
74 425.87
10 805.59
100 132.47
36 996.23
98 426.38
54 416.14
88 846.19
29 360.36
82 518.79
80 428.25
83 760.63
57 709.07
4 788.87
77 807.85
61 919.75
14 158.23
84 728.87
72 402.62
12 830.25
44 168.14
59 990.14
36 523.65
75 837.82
49 271.98
5 855.62
4 464.31
66 592.57
19 179.85
67 803.58
75 115.93
47 239.81
63 612.91
97 918.38
38 250.88
67 400.85
60 656.82
53 973.02
39 773.19
70 872.82
29 376.79
16 417.60
19 831.07
83 827.32
44 453.16
81 424.49
79 385.07
82 654.29
32 282.62
71 692.51
94 260.93
40 161.26
96 933.12
2 930.93
99 302.35
48 895.75
60 216.12
90 757.74
45 840.05
75 912.25
88 955.00
7 230.49
54 145.23
25 201.19
35 708.76
33 880.24
21 581.62
5 505.69
62 760.79
63 857.32
94 577.96
36 261.99
85 748.83
49 875.18
44 450.48
77 491.41
41 836.89
54 164.68
37 327.66
20 115.49
4 250.40
42 487.05
61 850.20
23 540.75
81 527.32
49 367.25
84 325.20
36 227.97
91 892.63
89 236.83
32 176.30
5 243.38
72 114.84
65 367.60
54 998.61
76 963.68
57 312.32
1 226.05
88 956.32
59 163.67
84 501.61
88 898.08
48 420.92
16 572.40
58 812.47
96 503.84
39 954.58
73 632.79
62 680.21
5 832.14
45 939.71
26 304.21
66 268.76
17 705.59
18 857.46
46 468.21
55 450.98
39 383.82
88 956.65
55 427.12
55 350.62
2 215.84
56 494.53
88 460.87
11 278.59
47 432.35
15 452.29
49 355.16
65 314.74
22 793.37
11 583.94
89 125.16
96 173.92
81 637.90
64 913.75
71 394.32
50 273.00
9 501.83
35 118.55
30 938.01
9 906.61
66 842.72
56 603.84
82 717.08
90 908.18
89 164.79
36 246.25
73 717.86
66 359.14
32 548.46
71 210.68
8 587.73
74 279.90
1 842.35
26 164.61
74 868.28
5 664.29
15 165.98
76 766.02
54 587.44
39 970.19
91 606.35
81 515.16
31 517.19
89 269.53
41 903.49
35 842.44
89 797.84
2 102.37
45 292.35
49 937.62
14 569.67
44 260.72
23 695.69
65 522.98
26 967.31
24 167.83
85 363.97
93 827.08
11 865.93
18 446.35
5 149.11
92 251.22
1 244.15
45 695.91
95 915.82
66 303.16
49 812.25
42 120.15
13 500.81
10 381.48
95 235.47
63 958.82
36 279.12
6 525.42
29 938.84
46 346.40
92 917.71
21 341.17
86 116.62
30 165.19
63 991.88
80 613.47
39 194.09
18 726.99
18 853.47
90 642.90
64 868.65
92 251.55
1 367.07
57 999.27
82 529.02
40 864.29
25 141.83
80 987.08
96 375.63
68 983.08
59 827.06
47 937.53
18 814.11
2 729.21
75 523.31
88 318.27
74 356.74
97 130.13
21 786.09
44 762.20
78 456.91
9 492.96
75 755.46
13 231.73
41 498.81
59 459.05
23 798.85
73 904.45
94 284.60
7 884.69
75 262.56
87 929.98
90 774.34
22 886.77
6 689.96
5 197.86
16 268.10
82 404.17
76 958.12
90 642.64
18 360.27
24 755.86
74 522.15
58 715.15
93 299.85
58 932.98
19 842.37
47 250.19
85 268.28
5 932.21
51 854.91
60 758.42
79 220.89
73 426.14
85 786.15
4 977.76
92 595.13
51 114.56
94 502.96
91 813.74
83 119.24
75 174.27
40 196.93
73 756.84
64 914.18
50 504.98
35 400.79
69 515.93
54 114.16
21 614.99
31 861.90
47 593.20
55 353.05
95 554.96
91 639.09
2 562.20
98 867.51
68 273.47
20 460.03
90 293.32
18 208.33
96 675.88
29 231.57
13 328.72
84 611.93
94 731.38
38 194.62
81 123.54
41 263.47
80 425.28
43 591.19
15 956.17
86 250.03
45 139.29
47 182.98
4 420.30
8 157.18
20 796.62
96 167.97
92 723.37
20 703.56
58 447.26
81 767.95
7 388.63
86 716.13
39 960.15
62 469.52
100 688.91
69 790.54
18 961.51
35 800.09
18 448.62
23 143.29
16 735.90
31 261.30
69 567.14
49 155.28
84 956.91
35 163.50
1 266.88
49 701.94
20 115.44
6 298.83
69 665.38
26 938.11
68 620.50
79 507.91
95 523.14
1 375.17
53 689.80
98 872.26
34 539.72
10 346.71
15 146.63
2 985.74
57 167.36
25 450.21
55 878.82
43 897.99
51 213.60
53 845.01
18 331.43
43 872.79
98 261.97
81 485.81
54 719.06
2 941.61
80 148.49
14 547.81
11 379.13
63 123.84
51 514.16
40 278.50
61 409.60
28 118.75
96 220.37
77 443.91
77 287.46
77 942.36
63 789.67
22 849.23
3 234.92
88 391.62
5 866.67
36 992.00
42 960.25
95 308.58
86 378.41
38 993.51
50 815.02
63 794.39
76 909.31
12 618.40
34 423.71
76 781.48
63 392.50
95 618.04
39 697.09
21 918.99
47 399.95
94 723.80
3 513.29
30 603.85
52 992.35
65 369.32
62 760.66
83 669.81
89 848.58
17 908.59
37 140.59
32 551.08
23 586.49
40 499.93
4 324.11
82 754.68
95 280.95
17 463.59
10 496.09
75 758.88
45 920.37
94 525.14
70 739.78
81 154.52
70 659.53
80 397.24
56 868.62
18 115.66
13 386.19
7 795.30
73 440.42
8 341.84
86 324.13
51 325.89
76 134.07
65 948.47
55 236.01
74 561.07
54 754.79
22 890.44
55 124.81
39 674.00
32 481.06
20 252.92
24 630.03
23 249.06
30 842.09
64 747.34
80 581.02
22 220.93
14 263.26
14 476.48
87 435.40
21 232.39
2 418.15
65 797.46
86 664.76
6 749.36
34 267.64
10 126.91
43 235.33
7 481.52
34 749.46
16 237.56
28 109.72
23 835.77
7 446.02
78 793.10
13 835.23
37 270.99
47 908.54
26 744.35
83 741.67
15 492.05
6 340.94
9 493.56
13 854.03
30 899.94
95 804.25
59 749.74
81 913.09
95 533.57
8 401.73
69 260.70
95 385.22
38 841.41
42 554.81
52 829.25
52 939.61
49 809.36
3 784.06
39 648.28
50 808.41
92 910.09
4 989.93
36 432.11
54 888.10
59 742.11
58 955.19
40 868.32
42 754.03
27 396.16
56 970.09
17 649.91
12 935.42
60 918.63
92 515.73
48 969.76
35 502.44
19 421.74
17 824.00
58 124.37
69 464.81
92 243.03
3 779.94
14 534.29
86 548.47
31 581.56
89 508.43
77 847.20
15 310.76
51 987.49
59 376.96
86 145.24
29 294.85
46 488.61
77 653.86
60 635.40
59 143.13
90 470.32
18 896.05
68 153.40
89 776.35
40 340.23
69 151.92
86 814.40
31 123.15
36 412.68
48 530.11
8 333.72
2 738.46
72 358.85
94 747.69
90 399.63
33 176.85
49 364.24
99 564.80
84 304.10
43 675.03
10 591.05
89 576.34
52 670.60
4 922.66
58 831.69
90 708.61
13 829.09
41 127.95
17 769.93
16 741.98
21 678.00
56 237.36
54 959.50
4 838.65
4 857.09
39 664.01
4 608.31
50 165.56
25 671.05
8 143.63
13 748.54
87 445.61
13 802.43
57 802.18
2 897.83
61 116.05
85 850.19
77 137.64
41 384.14
88 355.40
24 809.46
79 541.70
16 416.30
25 850.21
85 812.97
62 367.09
99 829.35
72 799.42
7 509.17
13 958.26
80 901.68
61 908.96
50 187.07
72 118.06
37 912.43
82 510.47
7 404.28
71 631.75
2 681.45
3 385.13
31 341.08
62 743.72
76 229.21
18 515.87
8 140.66
9 385.94
49 292.81
26 408.08
13 310.03
84 147.68
61 829.04
86 954.65
8 970.79
74 225.48
85 372.94
54 320.01
61 200.15
18 881.31
46 277.76
73 108.30
1 982.02
38 948.25
9 145.42
23 514.85
51 710.05
84 678.97
36 209.95
82 978.82
57 917.61
30 198.88
20 245.84
36 316.46
71 166.59
61 150.36
85 140.71
67 395.36
88 238.34
1 289.31
81 375.74
41 762.13
78 675.37
55 859.56
45 129.95
65 751.28
55 231.29
7 402.97
77 414.42
70 712.38
63 493.58
79 621.26
51 979.02
49 519.30
53 964.90
72 175.94
66 672.55
60 943.96
97 315.98
84 387.88
23 336.56
54 899.50
19 968.19
96 146.60
32 661.24
69 966.00
13 184.35
55 577.21
47 904.46
56 837.41
5 577.08
6 770.77
94 716.46
30 445.21
54 120.78
73 602.92
5 360.57
89 141.84
9 699.98
23 246.70
83 609.44
50 941.27
12 201.66
70 352.68
41 270.20
84 515.66
41 365.53
38 969.28
48 116.36
63 486.98
62 560.53
79 370.27
18 354.84
8 935.84
12 553.24
12 324.39
11 463.25
63 769.86
98 980.72
77 582.05
48 375.58
96 991.13
28 259.71
63 257.41
47 521.01
89 895.31
19 788.70
39 357.48
1 602.97
46 382.70
99 596.60
97 523.37
25 754.87
2 762.28
99 660.38
67 361.68
58 601.42
18 816.73
60 282.45
61 135.43
7 726.28
36 689.54
61 660.99
58 897.10
53 359.70
11 474.60
9 861.06
54 371.60
56 286.68
12 990.85
33 136.34
42 237.99
82 290.17
87 636.49
80 813.46
45 569.17
57 342.96
58 545.39
21 436.25
33 915.72
32 970.91
80 228.41
40 805.73
74 406.00
13 996.79
83 153.38
52 626.03
21 508.77
84 623.17
12 164.04
27 536.24
60 994.15
62 785.68
87 337.29
75 522.60
28 151.69
35 391.75
51 672.73
68 335.46
31 704.17
97 878.88
93 228.36
98 854.80
11 233.95
58 622.77
20 319.24
69 450.32
56 131.59
40 936.74
49 758.79
74 315.78
50 552.16
84 387.20
28 770.31
100 930.03
93 324.45
92 881.13
83 266.49
99 448.85
40 842.89
52 163.96
88 675.62
12 671.68
56 587.44
23 254.38
65 809.87
90 840.20
10 200.44
17 627.98
43 181.68
67 407.64
51 721.93
20 156.37
87 147.84
10 725.00
67 972.20
60 484.53
81 787.67
60 610.42
31 426.77
4 325.96
50 796.77
68 231.94
2 294.40
79 189.67
48 355.25
4 868.58
95 682.86
30 729.68
39 912.84
9 693.68
46 318.03
2 655.00
23 587.64
3 185.59
68 761.18
64 528.81
60 483.23
93 298.91
7 789.83
67 951.39
25 651.69
6 668.64
53 836.65
79 845.56
80 172.69
84 732.40
68 770.80
52 928.06
73 142.18
68 322.36
6 210.41
53 579.80
21 287.97
26 777.70
54 974.80
90 277.84
90 568.89
55 233.00
88 198.93
26 404.80
92 462.68
17 724.99
36 783.95
53 869.87
54 142.77
42 905.30
81 450.17
18 179.54
5 569.98
76 735.81
72 379.42
25 717.02
60 564.82
35 426.54
42 443.63
84 942.72
2 899.30
76 844.45
94 927.54
9 244.59
96 763.36
93 371.82
51 488.41
86 609.60
31 220.32
41 775.23
14 247.12
64 361.28
28 822.07
85 398.28
7 411.60
6 970.34
89 362.56
32 688.52
1 621.77
3 183.51
39 682.82
91 205.52
78 267.13
17 683.71
37 271.39
36 180.25
4 181.82
47 458.96
32 833.34
24 653.93
57 618.76
75 550.97
87 444.75
79 489.87
3 419.58
53 131.40
2 917.94
59 931.27
95 249.63
61 855.60
18 387.42
76 163.72
73 178.85
31 991.58
60 730.42
39 562.85
24 132.06
24 901.37
21 950.73
60 290.97
71 539.73
94 483.91
60 571.78
33 158.15
76 943.34
80 357.63
66 963.39
68 958.88
24 551.41
64 511.32
54 769.95
100 337.82
67 184.52
22 779.32
13 469.74
19 119.65
36 544.53
78 527.17
71 205.79
75 663.97
41 828.78
68 309.54
67 709.18
95 141.28
76 884.89
93 155.34
8 199.75
20 210.32
9 566.71
97 677.81
86 227.03
83 160.31
30 387.79
47 658.72
92 747.10
69 755.81
91 719.65
65 191.14
81 211.21
40 772.62
96 327.60
21 683.23
56 212.22
72 696.69
76 782.96
87 911.28
31 722.64
95 404.09
19 845.69
97 745.59
72 897.64
100 556.94
51 311.50
87 392.04
3 901.84
3 230.30
11 159.54
67 950.57
86 240.70
80 350.37
63 521.54
69 417.79
19 830.01
85 249.46
11 632.32
94 540.97
98 874.10
85 142.27
2 654.48
14 147.65
75 120.42
57 724.99
35 999.60
42 488.52
31 105.50
71 630.10
15 662.66
64 669.25
97 419.48
72 477.73
24 909.15
30 896.69
31 387.36
51 750.67
89 361.35
32 508.26
53 714.66
38 738.79
17 914.50
49 777.94
61 258.02
28 714.80
21 722.81
43 113.30
32 355.52
80 864.61
94 219.06
11 331.42
36 582.53
59 690.41
22 218.53
4 961.71
47 221.94
94 234.14
70 263.31
59 383.71
27 218.00
13 466.09
20 326.84
3 882.47
43 611.60
56 353.10
7 608.71
8 374.23
97 208.96
95 347.44
84 958.45
42 926.86
56 931.81
42 531.03
50 372.59
43 208.17
29 288.99
22 422.20
81 213.63
89 531.18
76 937.07
26 400.62
74 515.22
85 607.48
49 601.00
51 127.55
98 232.66
71 305.80
40 410.96
91 647.85
16 272.71
52 295.72
85 754.39
71 488.13
25 723.88
53 785.43
8 676.00
86 644.64
71 663.26
77 840.66
79 951.63
52 300.61
32 395.48
48 321.06
90 326.56
27 970.94
47 210.63
69 897.35
6 801.06
44 922.59
75 618.72
33 274.83
13 666.15
82 549.87
32 793.05
18 418.30
73 154.94
8 170.76
39 399.37
47 228.20
68 146.36
33 731.82
34 188.87
9 759.48
31 412.84
63 368.47
91 881.16
21 150.08
6 357.69
6 947.11
68 707.42
91 630.45
75 375.38
30 621.01
92 213.04
15 515.62
74 413.73
76 359.36
28 679.24
22 791.90
68 191.47
94 110.79
36 739.05
100 520.18
74 372.59
77 281.77
95 377.53
52 418.00
36 134.60
62 925.98
88 398.72
92 853.76
54 625.68
99 275.70
35 690.58
97 312.94
23 793.02
3 968.15
53 847.54
13 993.63
89 429.99
97 983.50
3 654.89
83 252.45
7 137.69
90 378.57
56 505.97
31 832.44
68 700.20
37 874.08
28 515.09
8 487.65
47 896.61
23 913.73
60 160.12
74 853.66
68 678.88
74 968.64
72 341.40
12 971.82
54 495.37
69 751.83
22 263.33
57 705.88
62 567.73
77 662.77
12 370.06
33 804.42
35 189.42
87 973.01
68 546.20
95 131.43
19 468.85
6 593.14
60 936.41
33 588.20
21 624.55
79 727.37
18 676.03
48 232.70
71 492.14
2 736.87
32 868.26
13 383.77
99 239.41
3 809.44
42 382.02
35 160.92
41 537.13
41 593.76
22 905.44
29 108.29
71 824.82
70 572.44
49 570.07
27 983.42
28 194.74
55 790.59
73 566.26
37 852.29
37 933.68
30 922.29
3 116.85
92 895.08
97 176.92
21 883.27
38 660.52
29 994.60
87 953.77
61 651.25
99 673.19
45 586.71
25 124.39
60 325.42
71 470.22
33 919.12
72 583.22
30 600.78
75 322.43
22 808.46
82 405.15
82 772.68
54 770.23
85 739.00
83 670.35
56 460.37
40 448.02
78 862.52
64 429.17
62 154.99
77 438.86
49 582.26
55 578.59
32 316.71
16 951.09
92 182.02
31 287.15
99 138.09
54 257.44
6 391.92
99 108.62
93 983.13
26 135.35
100 270.36
77 201.10
38 480.34
30 800.19
10 440.29
2 649.61
13 145.65
22 671.28
5 531.34
87 867.38
6 636.58
92 818.36
2 643.24
14 683.47
7 448.61
36 235.22
82 386.13
86 186.50
93 269.74
29 988.94
12 494.41
3 484.44
85 839.78
99 481.80
47 263.22
37 338.47
63 374.40
3 629.51
77 918.13
43 737.91
46 383.77
17 807.97
11 334.35
51 322.76
100 594.26
4 918.16
99 697.52
85 496.26
87 727.79
40 107.35
82 970.80
25 502.93
24 245.24
39 316.18
82 107.99
45 812.22
24 855.66
8 620.91
6 708.74
90 882.58
45 876.60
52 898.02
88 225.86
24 405.34
98 769.75
13 194.06
32 487.51
8 892.15
9 122.32
2 167.44
98 914.90
58 186.91
12 737.00
92 287.07
11 231.99
8 116.16
15 519.05
74 499.13
27 115.14
74 809.04
100 318.02
20 126.06
10 509.27
6 960.20
81 115.39
19 140.15
3 358.59
10 731.13
57 725.38
93 944.57
12 150.05
72 695.17
89 464.57
51 268.66
79 118.78
46 393.22
30 471.38
82 219.91
57 835.61
70 178.80
70 648.20
78 340.71
41 322.59
80 933.71
71 711.79
8 319.95
92 425.69
50 814.11
86 891.50
4 166.91
7 528.46
75 673.27
61 542.63
87 727.67
77 867.71
83 652.33
28 977.38
2 552.74
25 528.12
6 885.20
49 291.82
26 517.60
54 514.96
8 303.74
93 822.61
77 479.50
66 459.32
93 366.51
65 935.15
93 807.91
84 165.09
65 157.30
81 493.37
44 531.84
50 500.61
29 819.91
56 970.22
49 391.43
74 212.15
90 407.72
17 573.74
69 823.32
23 201.84
26 937.49
93 186.69
96 702.08
62 272.64
13 821.34
85 226.19
73 292.55
50 786.28
86 448.27
21 410.10
76 146.64
85 866.23
78 418.73
69 354.96
3 726.26
77 438.37
41 872.78
36 638.01
71 616.22
46 340.38
35 121.56
46 598.43
28 404.79
85 331.34
21 113.90
18 331.81
98 349.65
72 470.20
44 622.44
88 115.13
98 624.29
11 480.01
13 516.99
40 788.70
5 618.04
79 760.75
27 373.63
8 549.04
35 282.54
93 915.53
57 691.64
23 328.14
42 942.89
17 954.81
39 742.92
94 524.13
44 349.75
15 185.84
94 189.11
98 484.06
36 556.24
99 300.76
2 961.14
74 557.94
37 808.56
81 355.97
60 425.93
98 936.87
72 343.88
63 480.56
5 513.35
76 430.03
66 232.14
78 848.40
86 422.60
67 812.96
95 825.58
62 734.26
32 381.61
58 343.15
70 160.43
77 595.03
18 951.82
50 814.97
25 198.15
58 826.86
49 918.73
15 551.29
1 344.15
98 201.65
12 497.05
59 430.12
6 517.25
94 755.08
57 661.26
75 419.74
64 267.59
87 104.27
74 621.71
51 379.82
54 879.39
51 724.52
39 167.88
32 844.35
98 265.96
14 360.45
83 397.62
25 478.88
24 988.60
12 840.28
10 817.31
30 645.98
46 844.02
43 920.24
95 527.75
23 223.72
57 494.43
75 403.38
14 812.88
84 346.84
58 376.71
52 697.12
11 571.65
79 723.84
4 504.82
45 818.69
99 276.77
32 925.26
16 861.36
63 290.78
15 434.13
57 716.84
25 871.64
36 564.83
52 273.76
9 380.03
1 152.53
85 714.33
2 382.49
18 960.98
76 649.29
89 367.42
12 213.42
56 667.93
44 832.19
3 418.74
35 154.55
77 708.67
1 352.99
33 951.62
8 893.82
22 273.14
78 871.48
82 452.26
67 382.78
7 998.62
12 404.69
26 711.47
74 989.22
26 568.23
82 209.79
45 766.05
28 459.54
48 119.94
64 916.70
46 231.81
22 843.06
62 982.53
32 267.07
68 473.55
94 283.86
2 591.22
34 607.01
48 706.18
34 268.30
5 886.74
96 139.19
84 596.41
41 526.52
72 871.18
22 309.33
57 434.97
85 526.90
84 487.18
10 829.52
40 658.42
45 338.13
74 183.65
15 882.24
42 765.87
93 982.43
47 572.33
69 387.85
84 851.32
43 498.15
73 559.88
52 163.49
68 398.99
75 357.51
15 450.66
95 939.20
55 517.31
3 205.81
22 791.03
15 733.76
75 655.59
12 580.62
84 997.04
13 294.04
60 392.51
79 406.07
52 169.41
11 925.19
64 198.03
100 674.53
66 131.90
81 527.65
86 838.69
67 904.89
69 530.59
60 590.05
21 713.47
12 700.92
82 909.20
30 578.24
6 242.88
53 407.95
71 452.53
33 772.21
56 807.72
2 699.14
64 403.82
77 170.62
77 390.22
97 548.61
41 471.27
67 352.74
44 785.18
86 543.07
65 253.10
91 407.83
45 824.02
32 320.83
14 390.96
33 694.55
5 657.64
20 298.07
96 175.48
40 434.78
95 130.45
78 518.39
63 407.18
95 523.30
23 729.14
95 953.86
27 678.40
68 815.77
17 140.72
75 245.47
99 213.23
82 418.98
52 980.60
38 274.32
74 689.68
82 985.07
16 481.54
100 110.66
8 633.92
73 898.07
32 638.06
76 584.60
96 635.13
76 536.37
100 580.57
44 760.85
9 339.22
11 267.95
23 627.13
83 523.55
43 242.45
10 494.18
17 841.20
51 141.14
84 747.31
70 894.70
3 863.85
78 217.73
79 667.12
4 183.29
66 891.48
43 602.03
67 878.40
12 926.13
97 502.39
29 227.08
48 710.58
28 484.09
94 984.58
96 591.90
94 197.07
9 793.44
39 201.15
70 828.22
90 170.29
94 119.24
65 189.89
83 944.04
73 577.68
74 745.53
53 605.38
4 140.98
43 745.89
4 932.59
50 480.10
13 507.11
12 496.94
63 324.24
43 232.50
73 365.32
69 551.82
70 608.06
17 505.25
91 798.78
73 165.61
62 964.56
27 206.42
90 361.43
22 557.74
48 315.23
48 661.67
25 384.70
19 648.28
25 234.11
61 329.61
68 394.89
66 517.69
85 111.74
24 219.00
41 294.14
63 724.62
46 736.32
96 625.45
35 438.39
34 652.20
46 221.44
67 201.97
79 606.78
44 501.19
18 492.14
85 197.84
96 936.12
1 701.60
17 272.10
6 306.06
69 685.01
33 827.86
41 551.76
37 564.17
13 180.37
5 210.01
61 514.81
22 355.87
15 784.97
27 252.18
62 438.25
89 852.13
6 805.56
13 186.07
10 281.90
73 711.68
66 894.35
58 120.44
14 768.60
44 123.60
4 135.75
26 857.37
43 386.25
20 867.07
95 433.78
35 856.93
12 919.19
34 525.47
76 696.88
48 469.47
10 530.16
20 853.03
23 646.19
17 496.95
52 724.46
53 213.66
94 790.21
40 341.55
64 592.23
75 711.57
54 915.73
15 833.91
99 365.94
9 571.22
64 677.51
18 513.41
40 110.19
83 274.37
31 525.04
18 1000.98
3 681.85
21 449.98
79 682.74
30 575.37
20 560.94
40 772.95
60 375.24
21 281.49
25 103.75
57 618.88
75 246.41
17 804.74
64 556.03
88 847.97
88 697.61
47 701.07
4 362.60
25 606.83
73 150.96
75 510.12
72 439.61
13 848.21
54 196.50
98 476.65
9 993.83
67 298.32
63 228.35
77 586.68
33 928.11
75 736.90
66 869.77
28 245.87
100 429.19
75 787.59
4 295.63
99 378.08
48 631.87
37 288.94
61 591.43
31 586.00
60 501.74
16 892.38
34 887.78
88 640.71
44 374.29
50 925.03
20 816.71
34 222.96
33 261.75
2 698.07
62 998.57
27 732.75
15 133.15
46 353.24
52 853.01
8 116.77
71 380.46
72 477.36
93 702.36
54 422.44
58 650.61
77 550.11
24 769.53
55 339.16
58 420.58
17 858.28
27 353.42
79 626.02
16 961.08
29 730.31
16 729.44
40 740.00
61 941.36
33 829.54
70 445.44
10 271.88
62 150.25
26 770.73
71 280.07
7 499.04
74 766.68
60 313.70
82 557.01
83 247.77
6 131.13
3 561.85
38 1000.74
38 216.03
55 730.97
27 198.13
60 345.41
82 588.21
5 364.01
65 484.20
50 837.85
91 211.73
64 367.26
56 164.12
40 135.72
64 904.99
91 298.73
49 844.42
28 210.54
80 663.81
2 938.01
25 688.74
33 381.11
2 443.42
45 571.59
80 198.99
13 131.80
13 893.56
31 870.06
2 288.53
59 826.23
67 786.10
4 270.23
20 807.20
30 654.04
27 627.34
33 100.07
98 557.64
2 803.11
64 447.79
74 118.39
59 209.10
46 743.36
8 218.86
3 105.71
24 309.36
72 282.49
10 350.39
62 472.02
73 221.32
25 979.46
4 232.25
20 786.01
4 933.92
89 722.54
16 461.77
69 234.11
52 537.74
10 140.80
56 387.56
38 108.80
94 766.27
94 423.16
4 363.30
53 103.54
13 370.22
2 462.72
35 686.04
14 692.67
43 484.07
69 579.01
9 478.57
53 664.23
86 339.40
6 929.59
39 674.31
58 816.61
17 967.78
61 567.64
43 265.25
97 891.28
56 627.39
27 817.80
83 185.22
54 661.92
78 1000.87
36 488.77
81 654.65
31 818.97
61 783.25
50 281.80
25 957.15
92 741.76
94 388.13
32 611.08
24 624.53
83 460.88
42 563.14
52 368.77
79 158.91
66 986.99
20 255.52
15 580.32
55 622.60
4 671.41
59 622.42
76 328.81
95 712.27
78 291.60
95 790.40
89 230.10
65 932.86
11 678.17
64 360.45
78 600.91
73 645.05
38 853.55
15 864.92
56 437.54
87 336.38
3 349.77
8 872.85
77 487.03
94 600.95
64 500.65
91 845.85
51 170.22
62 730.91
63 558.82
46 746.92
34 187.32
58 662.88
24 715.42
7 683.22
74 944.60
52 706.84
50 226.89
30 283.17
34 210.19
81 892.40
47 944.21
5 765.38
38 774.47
8 295.82
4 473.46
39 934.94
11 407.03
19 792.22
44 967.92
78 945.62
28 887.18
1 414.59
8 741.51
1 117.57
27 325.86
58 400.98
48 838.47
1 195.41
9 525.51
83 202.15
88 893.01
6 176.89
30 120.00
60 742.63
25 157.28
17 984.30
81 369.04
48 582.89
17 697.39
31 620.00
75 239.01
84 593.76
76 562.50
33 191.10
70 697.30
74 116.33
25 628.36
6 393.37
84 375.86
52 663.97
5 391.32
93 394.65
12 485.76
56 353.17
23 680.28
28 101.77
28 224.16
98 735.05
40 953.06
36 969.61
4 288.82
29 818.26
28 775.15
86 759.72
7 144.26
25 793.96
36 941.17
21 818.43
48 957.81
61 893.27
89 460.99
6 369.99
86 614.70
44 289.92
46 986.17
49 468.50
51 766.47
41 956.86
38 546.41
65 996.26
78 508.25
88 587.66
89 857.28
78 376.98
72 282.26
90 737.96
99 938.50
21 881.21
29 484.62
16 135.44
5 822.58
99 639.11
74 242.40
75 543.88
39 127.02
58 933.13
93 293.70
14 504.78
90 305.53
21 384.45
59 670.78
81 932.81
96 881.22
43 340.90
17 595.87
21 838.51
36 903.44
58 406.34
59 544.23
17 888.19
54 341.63
60 868.85
65 112.91
63 610.44
27 946.86
13 692.36
48 556.36
42 708.76
77 769.10
23 751.02
4 463.76
31 125.50
39 306.03
27 583.49
62 631.44
65 500.57
58 626.48
6 313.21
72 137.75
6 754.47
19 541.08
43 655.09
42 538.75
99 922.61
47 667.66
41 247.54
67 306.95
100 258.67
91 680.45
59 916.92
73 960.10
16 811.34
70 977.41
82 876.75
78 918.98
70 641.57
52 492.76
76 782.79
52 152.07
56 764.29
9 372.69
91 513.67
50 718.25
19 147.77
65 850.69
13 252.14
87 599.83
16 702.85
5 723.15
57 355.38
20 442.66
2 909.17
86 685.10
12 438.25
61 253.58
44 402.05
73 845.29
77 415.38
64 308.19
44 789.58
18 233.26
10 888.10
48 270.27
20 754.32
98 999.18
65 695.23
67 924.14
16 405.39
59 535.53
38 293.79
4 411.03
45 626.26
62 562.61
25 913.32
92 440.89
41 739.47
43 508.72
83 203.35
11 221.41
11 385.83
15 955.34
88 850.15
1 703.50
21 292.81
55 891.79
80 787.07
92 438.05
47 744.77
15 453.85
75 635.63
60 887.66
9 459.26
62 260.85
65 981.91
50 134.27
84 961.41
93 232.20
55 136.97
78 461.20
98 624.75
13 671.64
62 879.73
32 340.87
60 704.97
56 304.32
69 460.86
8 585.37
8 686.37
35 819.20
17 534.23
65 936.01
39 138.96
5 339.81
83 631.33
7 285.84
35 318.43
23 289.91
91 921.51
83 615.64
76 832.07
68 612.48
3 743.16
95 729.57
68 284.81
63 673.05
73 260.28
14 538.93
97 235.49
67 252.06
77 187.30
46 154.48
98 368.56
73 374.83
9 700.20
4 544.56
85 634.32
25 409.64
47 644.52
68 602.81
88 773.27
94 734.14
1 413.14
57 947.15
90 677.24
10 971.03
38 138.14
50 412.39
36 554.86
82 261.47
52 172.76
86 908.16
36 812.50
70 922.04
36 281.25
2 853.00
48 245.11
60 696.66
46 603.60
52 268.74
18 869.71
45 880.44
98 974.29
62 167.09
86 939.24
36 561.37
67 921.97
28 524.73
45 503.52
82 265.51
58 293.58
99 139.16
2 600.49
79 556.72
37 682.60
35 290.00
26 703.67
43 397.90
97 182.49
66 943.04
5 859.04
95 837.69
69 211.86
1 194.69
65 953.57
13 132.51
36 396.50
35 439.14
61 134.22
26 572.00
88 584.87
16 944.21
75 442.20
99 750.78
36 294.02
44 718.68
18 989.57
94 373.14
88 449.34
89 478.31
63 193.36
94 919.88
83 740.33
21 516.23
21 629.06
76 228.43
98 826.02
55 363.36
11 514.49
4 379.05
43 617.62
87 467.15
73 717.67
51 692.07
68 211.37
61 564.70
77 746.05
2 543.88
33 140.24
43 337.67
40 510.88
100 421.67
99 123.57
98 379.47
100 829.04
84 250.56
13 819.61
31 331.00
1 357.20
38 725.22
79 526.49
41 309.89
3 369.98
39 285.51
47 891.11
5 976.94
5 375.52
41 620.32
80 297.67
13 466.02
11 622.25
4 593.52
42 864.18
62 903.91
92 562.28
77 753.99
10 453.74
44 725.91
52 470.02
93 331.27
44 171.14
94 790.81
72 179.35
19 817.15
74 245.07
31 353.32
98 424.23
5 144.70
35 426.55
87 859.34
62 550.49
25 517.29
50 709.14
49 377.08
30 495.04
49 639.83
83 358.63
21 962.40
67 307.49
27 536.97
43 557.32
45 928.47
64 670.09
7 426.40
4 290.84
1 670.64
67 125.79
30 358.43
82 192.60
36 559.78
5 761.16
89 656.16
25 524.24
53 773.21
29 844.65
50 975.16
3 950.60
21 311.87
72 543.73
81 580.84
48 634.00
100 182.09
20 183.64
46 660.27
67 851.15
86 842.12
79 582.24
33 226.74
74 593.58
24 449.85
6 755.38
86 839.92
39 475.32
96 973.15
9 184.79
90 217.55
14 198.28
5 618.55
89 655.95
66 193.89
98 690.79
59 740.69
56 247.10
75 259.47
79 704.31
2 361.38
36 327.91
30 327.70
68 972.93
17 161.93
31 962.46
85 185.70
13 965.18
82 552.86
40 108.92
90 385.64
91 349.34
94 996.24
54 101.48
87 179.51
43 624.42
94 844.70
74 871.70
69 332.24
83 690.51
48 526.17
23 284.40
81 250.54
39 697.91
31 326.60
70 659.94
4 730.83
100 379.68
47 411.04
29 476.10
54 631.84
20 255.10
19 493.30
71 340.36
58 221.61
49 154.64
39 979.89
85 540.25
97 668.41
33 316.67
69 915.05
12 989.75
44 267.81
14 277.63
27 496.64
64 448.32
86 449.82
61 845.26
71 817.87
75 662.79
57 540.92
53 484.61
62 111.93
53 743.24
55 860.05
25 705.80
26 474.94
7 969.70
1 283.28
62 934.82
38 408.88
85 891.98
43 840.67
74 328.09
34 838.45
69 419.74
67 653.37
56 582.59
84 702.88
16 535.27
20 654.47
94 990.06
21 745.53
76 649.95
61 529.72
19 776.20
12 696.58
19 770.94
54 458.75
9 696.27
47 704.07
70 188.71
69 262.22
87 339.23
3 716.88
47 461.58
37 528.49
22 175.75
29 803.22
50 1000.32
8 316.12
14 868.97
14 370.92
51 913.59
42 905.40
78 547.13
73 695.80
11 721.15
57 267.31
56 377.46
86 664.29
76 618.24
2 949.85
86 495.99
22 288.02
58 238.85
60 607.94
88 627.07
48 182.55
2 578.44
1 817.83
79 889.95
43 570.83
34 841.68
18 451.61
82 518.80
9 991.42
57 690.68
34 248.64
67 806.57
2 924.56
6 361.32
78 277.54
17 464.10
94 966.53
59 232.65
98 794.91
48 578.41
51 467.47
39 696.88
91 383.37
44 236.79
91 433.53
51 824.56
76 269.56
50 313.15
12 415.74
40 528.85
26 292.56
95 621.47
77 138.10
94 164.56
80 283.92
11 136.52
1 915.54
36 462.32
83 803.45
1 587.64
30 284.94
8 908.36
3 966.40
36 497.13
100 506.23
28 988.34
26 822.92
94 449.35
74 857.39
14 887.56
43 852.80
76 220.17
4 279.41
40 748.29
98 210.04
81 492.00
82 609.00
31 407.18
22 886.66
70 166.21
92 967.70
21 542.46
11 916.60
77 852.49
14 311.41
85 516.64
66 126.35
85 463.26
54 166.05
22 213.75
45 231.70
34 747.60
53 348.17
23 147.07
48 874.35
53 223.95
99 221.67
30 130.45
5 496.25
95 856.43
22 542.17
87 108.27
22 475.44
33 452.66
64 364.38
94 334.54
73 735.73
19 690.37
14 590.73
11 546.40
35 614.65
74 715.26
16 843.77
90 398.02
94 559.00
30 721.08
47 814.32
30 373.96
13 335.17
28 567.07
63 218.04
67 552.19
48 797.56
95 313.38
37 456.14
67 597.21
56 108.91
86 666.64
98 137.49
7 538.87
94 188.06
30 453.55
46 651.88
18 183.75
67 338.53
4 490.86
46 110.32
66 341.54
13 357.11
6 674.04
57 567.45
88 839.72
28 583.76
1 861.04
29 379.93
18 835.59
92 786.22
82 972.72
8 323.64
57 304.78
21 374.16
81 847.30
38 229.34
92 423.95
35 274.79
33 702.25
20 486.58
66 636.49
64 226.79
78 745.79
91 287.77
8 607.22
10 100.81
8 821.45
98 943.83
87 153.52
85 736.60
50 253.76
64 246.97
71 807.39
73 960.01
85 401.35
82 767.83
61 245.99
29 737.94
4 777.69
72 439.02
33 747.06
84 909.72
84 515.77
97 348.21
95 528.61
79 560.85
92 981.60
89 789.27
43 862.46
83 723.07
52 836.62
45 349.49
94 801.85
91 696.18
23 654.04
61 568.74
3 630.95
65 454.51
29 240.76
2 409.35
75 653.74
5 206.22
40 839.37
17 322.89
13 728.87
50 942.61
26 697.17
33 881.24
34 645.33
13 971.25
80 675.05
35 951.37
79 219.75
51 687.77
53 838.44
94 963.82
11 388.24
87 356.17
25 215.02
74 886.00
15 156.97
67 243.65
88 979.47
60 749.22
19 380.55
70 701.34
87 293.75
13 275.13
83 149.26
70 879.44
89 703.29
86 536.08
2 971.21
3 367.34
29 116.43
66 329.49
17 389.63
32 144.26
95 459.59
34 729.35
12 439.10
72 658.80
35 808.26
72 812.10
25 760.42
5 993.92
34 601.80
84 803.28
42 586.44
28 739.15
16 205.97
51 135.17
92 157.48
60 892.99
37 702.99
25 622.09
84 491.12
84 703.22
50 600.61
77 701.18
89 606.14
38 457.08
11 238.70
26 476.61
18 850.96
2 656.99
44 255.37
21 881.64
26 265.39
78 564.88
53 830.52
77 164.81
37 521.65
15 686.11
53 237.26
58 112.52
54 567.94
21 114.31
28 471.14
57 104.70
90 477.57
35 267.50
52 844.89
94 721.89
79 963.75
69 530.82
22 112.19
36 170.12
65 902.04
66 452.58
6 655.69
74 971.23
83 556.05
44 285.20
85 350.89
30 318.58
17 393.69
10 222.31
24 438.27
59 328.39
36 555.30
41 809.98
19 789.44
98 972.29
92 438.59
30 991.10
68 860.60
92 611.75
6 260.33
43 154.29
38 419.92
14 703.85
69 675.27
55 248.40
63 264.24
41 194.45
31 404.37
31 312.79
32 994.98
33 627.60
42 607.38
31 406.18
22 241.43
16 171.19
80 215.17
65 674.10
53 710.26
23 277.92
58 158.66
48 395.49
22 119.66
76 684.94
96 178.70
44 597.34
15 753.67
5 800.76
54 998.48
24 326.77
54 346.25
64 525.41
6 982.01
12 866.14
91 292.16
27 294.84
54 447.13
53 137.40
55 575.52
47 998.97
56 959.35
86 797.76
79 832.12
28 557.20
67 190.20
8 976.58
13 652.96
72 625.04
84 187.87
76 346.00
60 200.07
59 697.23
73 257.12
56 986.45
34 122.69
25 792.96
9 812.61
8 902.59
48 111.10
82 361.18
45 192.52
18 522.52
64 674.52
57 877.24
33 233.23
72 747.02
42 805.74
45 307.08
30 988.37
72 669.46
13 318.92
64 276.04
18 702.82
69 196.83
7 258.89
41 123.18
93 690.80
9 815.38
40 615.11
32 917.99
48 934.91
82 275.36
41 613.46
44 156.42
27 261.91
85 525.18
68 316.93
16 363.98
63 959.24
16 539.98
93 167.76
85 499.18
52 307.83
15 991.51
31 163.41
39 850.52
51 967.62
26 543.69
76 984.68
54 972.01
80 341.81
45 728.62
100 783.01
64 872.06
66 793.99
48 869.70
84 204.82
32 850.82
44 901.47
97 994.58
71 271.09
49 261.35
47 840.53
59 649.56
62 671.11
84 869.06
59 196.82
8 716.10
44 704.92
87 537.31
3 170.23
89 243.29
83 153.26
46 624.37
67 150.48
68 765.94
96 301.65
74 257.98
45 598.36
47 549.79
5 961.96
52 277.66
92 182.54
12 478.00
94 260.06
43 755.96
35 550.61
25 454.27
41 479.90
38 597.09
78 543.41
13 733.31
58 796.08
64 441.29
77 708.40
74 968.19
49 778.20
61 769.38
74 781.95
40 418.04
25 664.64
96 286.12
56 229.98
42 295.89
14 315.70
70 176.34
51 782.49
45 817.46
82 720.30
82 814.53
54 193.31
6 940.57
37 836.38
38 749.43
59 270.96
100 269.44
13 211.67
57 231.82
14 715.79
33 406.73
75 863.69
97 153.91
61 124.14
52 200.35
24 136.38
40 833.12
50 306.33
35 850.44
24 637.47
65 102.27
46 247.64
18 668.52
89 849.05
25 345.05
70 269.36
60 620.42
77 203.10
35 862.70
3 356.84
29 840.73
87 619.46
71 931.91
66 444.17
8 207.13
72 253.56
91 538.38
40 822.06
18 926.86
22 479.84
18 371.83
78 850.76
71 495.12
70 439.96
95 337.51
56 607.74
87 508.95
11 686.26
32 111.97
3 684.20
76 691.73
1 163.20
94 567.93
25 698.86
90 179.87
86 480.81
48 751.89
13 850.34
91 265.73
58 805.30
27 815.68
23 416.78
52 902.89
57 611.29
9 782.29
62 865.40
21 323.20
41 530.72
93 533.20
67 278.46
57 425.26
65 804.94
94 505.72
55 474.93
36 372.76
46 537.98
86 203.49
100 280.28
9 351.76
33 470.05
86 424.47
56 953.73
98 440.05
24 610.13
83 533.23
59 279.89
19 223.75
84 622.98
31 599.60
42 450.36
14 384.24
3 850.00
72 102.53
16 594.83
32 125.76
46 542.94
21 741.09
36 924.56
12 439.39
1 822.26
3 850.92
8 333.06
22 488.72
94 870.00
78 730.68
93 866.42
59 800.53
11 652.91
68 166.07
31 921.45
91 177.80
19 256.10
73 703.75
47 608.04
72 821.96
67 500.96
12 299.70
98 534.24
89 412.29
25 813.59
61 989.31
96 444.62
10 353.28
21 176.46
40 956.13
21 309.82
62 947.92
87 300.29
21 813.47
75 284.71
13 156.20
41 156.08
53 501.56
100 241.03
68 322.04
77 166.11
88 445.76
93 556.51
70 191.55
73 392.76
11 674.14
28 827.85
88 241.89
9 189.77
53 556.73
38 571.05
28 641.94
29 933.20
97 862.49
32 424.09
61 876.33
32 728.45
50 849.94
3 789.12
22 421.42
48 387.80
2 241.03
50 909.85
25 444.03
27 381.54
14 633.47
12 225.31
61 992.09
38 802.64
47 571.44
82 141.49
68 746.43
21 590.37
97 241.44
42 832.24
61 777.50
63 234.72
61 173.25
32 457.08
38 418.53
86 548.51
9 549.84
76 488.79
30 860.03
37 179.90
34 550.44
88 171.50
83 322.80
36 982.99
2 303.24
44 404.94
31 626.49
48 501.32
9 352.11
16 258.62
46 484.83
88 419.66
33 702.23
73 656.62
84 505.68
71 966.93
65 898.25
98 768.51
74 726.19
19 810.28
70 580.75
49 472.76
30 494.34
10 528.23
37 838.58
61 821.62
58 962.66
80 987.39
51 214.00
94 626.07
79 945.51
84 317.65
87 190.73
59 787.88
14 776.00
50 664.37
9 575.82
54 960.63
12 883.52
48 969.52
83 212.91
34 517.46
40 276.11
72 184.92
96 819.46
33 969.34
82 212.91
75 295.48
27 361.95
29 373.15
89 176.34
35 433.68
97 179.49
72 346.37
98 668.87
74 598.22
99 945.01
30 488.30
86 606.95
65 396.25
10 851.63
10 640.49
71 382.59
86 931.89
64 171.82
76 132.55
63 846.35
62 470.79
23 721.72
86 153.88
6 989.49
2 320.79
87 579.24
92 460.97
97 448.06
92 293.32
81 746.94
88 750.96
13 702.25
17 111.63
29 430.85
90 836.99
61 764.30
49 910.75
56 231.68
61 377.77
60 704.21
3 877.48
11 700.71
63 382.85
6 501.80
58 880.25
11 921.27
98 711.77
33 438.01
55 576.26
13 251.51
75 932.79
26 847.63
72 233.82
52 894.53
78 469.45
89 856.59
24 319.38
25 443.65
78 362.38
93 872.66
40 833.87
22 777.31
55 776.07
44 216.06
90 139.00
3 146.92
2 322.64
27 361.61
49 459.43
17 185.09
80 544.13
5 786.32
44 529.37
17 105.84
17 886.63
49 279.05
23 508.60
32 748.32
18 409.38
93 361.10
34 149.29
22 649.25
61 298.47
74 619.74
27 729.69
60 312.93
60 751.58
68 609.25
27 141.68
41 487.27
21 381.19
53 704.58
16 223.64
13 504.07
69 640.73
65 243.65
14 312.35
61 575.11
51 723.30
35 631.82
70 941.63
10 258.03
83 684.08
24 316.77
75 969.73
97 432.23
19 702.64
100 188.22
3 660.53
10 760.31
81 491.94
13 179.47
56 420.01
87 148.52
4 965.12
63 710.95
49 970.05
71 289.49
76 459.27
80 491.49
15 497.69
55 198.29
80 230.50
49 950.58
36 670.03
69 718.79
87 796.76
36 584.88
41 435.99
16 919.03
99 115.45
16 345.92
26 322.68
50 964.27
44 690.68
71 375.34
26 541.33
39 944.37
33 457.44
55 852.31
16 621.64
9 209.95
19 773.83
51 370.90
22 562.66
45 599.39
87 622.19
70 482.93
8 342.84
97 773.57
60 152.31
64 955.22
87 971.57
23 990.49
56 884.08
4 289.82
23 104.85
30 272.30
15 991.77
18 593.18
14 521.08
26 275.27
41 637.84
51 926.65
39 545.89
13 550.12
54 409.11
66 458.41
66 168.40
39 704.73
28 335.26
93 714.00
60 713.58
13 921.77
84 459.54
31 391.12
54 524.69
38 381.30
19 685.06
47 150.82
49 972.13
79 208.00
98 106.27
25 106.60
73 457.01
13 141.68
84 166.57
23 624.22
82 243.88
28 687.49
83 120.84
67 399.23
75 218.34
88 141.76
42 280.85
68 809.12
78 320.30
99 925.64
94 784.34
98 412.92
51 648.75
69 278.76
71 308.24
78 395.41
12 303.66
99 840.77
81 509.71
10 149.78
72 795.73
52 274.67
86 323.09
97 305.09
64 193.57
39 838.15
61 887.51
62 529.35
27 851.92
33 131.97
68 198.29
25 632.74
29 899.99
14 746.47
39 311.45
6 917.27
54 757.66
7 108.42
69 858.46
46 609.89
58 768.64
64 831.43
95 771.77
83 958.73
68 945.36
37 693.57
38 803.48
55 136.70
92 362.25
65 152.10
68 611.74
11 329.07
26 168.26
77 953.56
7 295.26
73 257.66
88 210.62
67 368.17
10 314.83
48 422.80
2 556.02
96 770.48
84 284.79
47 412.11
56 266.71
38 330.82
17 137.56
24 141.79
48 729.15
62 368.80
30 940.96
45 229.24
37 677.66
88 774.90
9 657.60
40 472.59
35 133.77
64 401.29
69 808.71
16 319.15
32 999.73
37 807.45
24 834.10
91 837.74
90 778.01
47 422.37
6 585.79
78 927.17
71 333.71
37 306.39
24 908.47
78 801.13
10 219.64
88 862.99
9 990.97
73 771.11
35 371.30
36 753.26
39 167.24
76 214.53
49 874.77
4 581.78
30 691.23
42 612.49
85 682.48
43 894.29
9 784.47
86 242.81
26 861.38
72 498.00
81 664.57
4 946.40
8 895.88
61 213.29
46 208.12
34 552.49
38 597.85
33 326.83
8 731.21
29 485.34
35 716.96
15 985.60
31 829.46
89 524.79
91 552.25
42 379.23
26 299.25
70 666.95
13 719.35
30 591.04
12 361.34
47 125.42
40 432.01
27 865.62
48 159.74
61 520.08
83 552.26
89 721.31
85 547.77
68 537.65
78 244.73
94 502.45
21 267.69
44 498.54
43 809.13
11 483.91
84 521.20
27 941.91
100 939.22
82 965.29
76 960.68
25 749.97
53 746.21
92 708.13
19 708.30
13 938.14
80 482.22
59 326.31
83 589.08
87 903.56
20 952.82
41 421.52
65 633.50
57 448.71
3 889.89
98 139.13
64 417.99
77 229.85
23 430.53
14 225.85
52 533.75
3 271.90
27 347.64
71 862.73
10 205.96
44 870.35
70 733.33
82 420.10
9 480.18
23 313.48
4 521.09
48 874.48
10 393.60
47 787.59
41 990.03
15 874.42
93 423.89
77 565.79
42 469.73
14 603.61
5 658.82
23 767.28
26 181.08
41 783.57
77 286.80
57 501.82
44 332.00
56 820.54
30 195.00
79 963.37
45 169.84
94 238.27
71 382.69
2 278.96
65 499.43
50 265.55
67 857.23
59 874.73
1 605.63
94 167.83
14 552.06
5 700.28
40 402.93
94 518.40
79 499.69
95 611.46
23 916.62
90 944.74
76 280.60
14 512.88
1 182.88
26 906.53
11 427.78
90 728.53
84 167.80
30 946.24
48 145.76
32 617.76
68 658.39
87 189.03
67 813.46
38 957.26
29 321.43
94 420.75
28 263.03
46 372.75
47 237.92
50 890.32
20 686.28
61 599.94
24 831.59
90 161.54
38 924.24
22 171.27
23 284.42
88 396.72
54 882.58
12 853.27
38 600.92
12 582.54
81 972.94
83 862.83
77 162.62
21 968.80
65 743.90
54 734.45
53 433.39
65 714.68
98 660.33
61 112.82
3 933.04
10 160.08
30 676.33
11 532.57
2 488.59
40 532.00
26 965.33
47 244.83
27 109.17
1 682.07
97 982.15
3 655.04
7 860.14
4 802.46
81 839.23
26 754.65
32 734.48
70 235.45
43 223.89
63 383.79
4 159.91
1 646.41
2 113.17
81 254.62
18 158.76
94 315.10
96 869.04
25 113.62
75 449.27
56 988.58
68 104.64
28 219.15
45 766.42
21 977.22
79 686.85
66 290.79
5 733.95
13 633.16
57 864.90
80 940.28
79 631.10
6 752.17
63 357.58
89 893.10
61 844.55
63 887.04
91 967.04
60 848.90
8 396.84
60 127.58
59 267.48
91 967.80
79 747.22
33 727.76
93 681.67
99 334.47
100 791.97
20 739.14
70 431.05
63 848.67
68 388.90
9 833.78
17 975.21
15 911.46
45 868.22
92 780.57
47 160.21
22 311.74
54 501.19
86 412.24
98 993.52
22 677.78
80 392.13
5 442.29
85 347.84
38 117.95
47 977.10
47 886.15
73 560.43
72 108.02
51 157.77
14 864.76
16 748.20
89 905.24
72 427.90
76 280.50
90 534.94
30 970.49
26 752.13
45 698.61
58 977.69
45 796.31
93 462.80
50 177.91
26 986.36
32 385.77
52 830.98
67 544.96
29 246.86
80 959.04
9 173.04
53 991.39
12 211.41
80 165.58
97 892.24
17 456.48
3 145.84
83 308.53
29 258.83
64 754.56
14 203.60
44 201.61
25 873.44
28 900.95
33 384.80
100 820.37
98 1000.65
54 291.68
15 526.60
66 770.40
97 742.97
56 581.50
97 575.99
30 561.64
26 924.11
65 950.45
26 747.53
23 177.27
78 309.13
31 471.16
66 742.24
23 745.35
78 267.89
36 420.89
83 701.57
31 655.14
92 228.94
32 299.06
90 629.79
75 601.15
91 194.11
11 222.14
91 862.54
49 305.20
85 237.52
10 857.10
95 959.02
49 243.61
87 705.58
83 712.54
14 231.69
30 594.11
5 102.43
81 905.14
33 783.33
60 604.53
87 266.09
29 207.06
69 589.59
69 614.08
27 538.92
74 465.64
60 340.71
51 693.77
44 915.82
78 315.24
48 428.14
10 244.87
91 550.92
49 505.34
25 670.49
79 506.85
89 766.33
74 548.26
66 997.71
1 518.81
52 421.21
37 585.49
96 868.20
8 696.07
45 522.14
35 557.43
15 417.75
43 519.84
6 275.98
88 991.21
9 484.97
88 389.22
72 955.97
41 374.47
27 465.88
10 194.24
31 591.17
29 226.85
89 649.91
78 878.77
73 581.68
47 692.70
94 586.99
26 419.74
48 937.08
72 175.65
20 396.01
74 817.43
26 287.25
66 819.12
21 922.29
40 348.82
7 1000.59
63 299.41
95 575.95
68 474.90
58 240.79
43 842.55
100 1000.72
28 263.30
84 683.59
53 949.66
42 818.48
24 138.39
88 328.04
59 140.34
61 953.50
89 236.35
86 311.23
5 819.86
96 607.76
2 755.58
67 803.26
2 865.39
33 527.15
83 506.61
73 107.53
14 574.30
60 489.77
93 708.77
84 383.36
87 653.75
92 810.65
42 224.73
24 620.27
81 914.78
56 522.19
98 287.40
88 920.08
57 174.60
39 525.34
70 231.49
82 146.16
60 262.13
82 677.70
20 449.44
24 696.29
98 955.75
14 450.02
46 706.25
47 417.62
80 873.12
66 173.81
67 158.50
83 932.76
25 206.56
94 885.75
48 850.58
42 826.88
29 727.90
64 423.39
48 305.47
89 587.81
66 439.31
65 653.55
14 880.36
39 170.04
60 676.51
12 613.08
21 231.56
43 722.85
22 967.39
55 627.79
56 376.65
73 300.40
30 343.23
87 879.43
80 403.85
12 141.72
26 438.62
50 681.76
23 550.02
99 833.75
12 714.03
50 995.55
70 105.56
48 547.10
91 563.97
92 924.35
57 776.35
29 327.31
10 596.40
24 791.48
66 109.21
10 803.13
49 292.50
18 870.23
60 373.73
86 746.58
38 991.85
34 210.10
38 113.46
77 787.71
43 425.63
25 429.04
39 864.91
93 614.23
29 362.60
81 465.74
23 927.51
60 625.38
75 201.38
90 289.19
89 631.98
86 790.21
91 369.66
68 907.74
87 997.88
72 312.53
28 237.53
95 860.67
48 957.50
97 885.49
25 174.41
65 747.92
24 573.08
30 405.54
14 191.77
11 466.04
21 906.14
23 380.74
69 602.67
27 127.64
100 120.90
20 496.93
42 887.09
8 340.84
66 506.97
38 196.46
94 332.15
59 831.33
49 529.36
24 405.33
61 494.23
37 344.21
51 556.69
16 390.48
91 325.05
45 809.46
45 576.98
9 456.00
92 434.64
59 869.83
82 714.86
5 810.30
51 816.21
50 798.87
81 632.90
43 611.30
23 985.47
90 439.75
65 624.42
4 246.59
72 416.22
1 871.07
44 293.44
82 830.47
5 622.80
20 299.73
22 365.12
64 397.72
6 154.81
49 129.50
11 134.77
3 387.04
64 293.94
15 637.84
11 615.95
25 177.89
18 774.94
44 346.35
16 141.10
57 583.84
27 189.19
93 180.74
62 482.83
42 323.87
34 641.03
79 342.13
78 498.92
87 544.04
34 779.37
25 275.97
63 496.33
79 256.73
10 900.02
70 468.03
49 246.04
81 113.34
71 568.86
97 297.33
23 152.88
22 643.21
15 667.18
23 804.82
73 382.87
6 947.28
48 105.03
100 680.21
37 983.13
8 236.27
26 231.34
93 662.68
62 797.93
21 101.40
38 535.22
92 447.13
17 146.72
24 185.11
100 836.80
20 133.73
74 905.43
79 931.73
90 249.46
35 981.35
84 467.51
24 529.29
57 755.94
50 904.12
16 682.74
18 212.57
3 152.56
60 614.09
48 357.02
94 324.30
83 135.13
82 686.85
18 392.12
25 698.91
42 873.53
93 511.88
66 808.85
90 386.38
38 615.64
28 416.38
52 570.17
28 166.72
47 103.29
69 812.12
46 472.07
94 460.18
43 915.39
46 716.68
6 923.81
47 406.40
95 368.16
61 489.40
27 127.87
13 725.89
56 849.83
23 119.54
93 312.31
100 527.24
59 142.37
16 254.21
10 119.52
22 179.26
76 459.22
100 997.38
75 563.14
92 998.44
56 799.65
41 125.24
30 261.29
91 555.78
18 606.50
86 999.61
45 229.99
9 598.24
7 992.71
26 472.67
43 203.67
94 519.77
69 994.37
100 721.30
98 715.52
63 347.09
76 506.43
30 289.67
93 556.55
45 709.44
91 946.88
15 346.76
7 167.57
85 303.43
82 462.85
62 313.01
88 256.96
7 250.17
36 969.70
24 379.87
59 582.23
51 304.79
31 754.74
81 802.75
28 623.87
59 547.28
38 151.24
74 745.49
75 594.59
71 592.05
27 190.36
17 951.14
36 670.56
54 174.75
57 752.61
27 605.47
53 819.43
79 132.89
51 897.69
22 691.87
46 439.27
15 648.95
90 938.89
81 669.55
7 424.81
71 487.63
76 809.14
8 371.24
27 806.16
48 784.04
46 456.41
63 303.66
95 275.81
62 620.21
64 335.29
72 649.99
25 590.93
70 702.51
46 226.23
100 959.10
30 868.94
8 618.98
1 293.57
18 127.68
87 710.99
39 110.52
90 799.32
41 145.71
55 825.09
90 316.91
95 742.19
69 160.49
85 380.29
80 158.36
85 754.40
54 298.63
84 738.00
3 503.31
69 368.45
25 869.48
2 783.50
39 766.70
26 783.90
71 226.44
30 321.99
56 818.33
41 812.66
54 860.69
52 540.69
60 667.68
94 942.75
81 223.79
47 396.38
82 284.19
87 587.50
20 669.58
53 985.46
5 217.04
98 407.70
60 947.81
78 130.56
70 927.27
40 437.99
92 723.77
38 769.82
92 621.10
16 448.51
61 365.32
83 618.20
37 711.00
9 566.89
30 403.39
22 885.61
66 192.51
8 337.34
31 393.13
57 212.64
14 611.47
8 145.96
91 689.65
38 969.65
28 863.82
78 737.47
96 420.54
74 609.37
5 137.89
31 463.46
71 464.24
29 995.06
36 691.76
44 351.22
8 568.86
67 122.55
37 229.17
10 912.69
30 757.79
70 499.62
63 359.50
99 680.38
38 561.58
95 948.23
73 378.93
72 987.32
65 226.06
63 455.01
10 828.72
27 811.56
68 840.28
84 625.74
28 419.00
99 429.19
100 675.47
78 545.52
67 446.17
30 214.00
2 613.25
14 753.06
3 769.67
71 271.26
3 628.14
68 829.43
80 936.72
72 301.76
71 953.90
93 766.22
87 227.14
18 356.65
8 733.67
73 857.01
32 503.06
54 768.78
90 463.61
97 999.96
23 848.02
58 849.46
57 746.41
64 187.81
51 379.43
29 185.09
41 493.43
34 147.28
66 700.95
72 690.48
16 983.54
33 327.58
33 155.17
94 676.29
17 561.13
48 785.36
43 768.45
98 560.53
5 430.92
29 885.82
76 894.74
94 960.45
15 807.57
2 506.13
30 404.09
34 999.42
72 842.36
42 735.60
4 922.48
46 728.19
91 672.92
77 750.66
78 565.87
56 233.20
18 190.11
30 324.03
93 124.27
33 981.72
10 535.32
47 448.02
75 152.76
10 482.79
27 499.67
63 215.03
42 791.15
87 759.63
3 474.97
7 946.61
36 804.20
99 848.72
15 329.30
66 110.33
61 711.92
66 358.45
68 424.11
58 868.24
85 140.26
19 861.68
88 897.91
2 610.49
44 222.04
9 277.68
84 679.64
42 369.71
71 382.49
76 320.22
48 919.94
100 987.90
36 551.41
64 345.94
43 470.36
49 444.80
49 783.20
21 795.87
42 867.51
91 697.31
5 565.94
63 125.61
55 357.23
72 287.20
7 115.58
48 141.10
60 175.79
67 939.34
99 981.17
52 830.23
96 320.39
10 626.91
83 563.98
93 959.96
8 339.84
44 508.46
6 723.80
20 496.69
50 430.17
45 166.18
18 628.55
59 455.39
100 506.48
11 945.94
7 883.55
88 724.55
9 257.59
73 236.54
22 802.09
68 447.69
24 653.07
10 436.74
28 832.90
88 370.16
38 667.25
38 850.25
92 115.98
12 490.44
85 673.36
85 611.47
82 128.97
89 334.60
73 135.27
86 308.26
1 234.24
33 616.30
70 463.07
93 668.41
46 208.74
32 128.64
7 231.19
25 636.91
75 434.77
66 179.36
14 750.74
30 649.51
63 883.56
10 330.66
79 452.93
10 635.52
11 590.62
73 258.65
53 180.90
7 343.92
45 547.60
64 657.52
87 419.72
50 449.96
3 122.09
47 732.34
56 684.09
72 653.22
98 721.29
51 466.64
2 297.13
97 581.45
91 361.73
37 679.17
64 717.36
37 211.92
46 841.38
35 321.27
6 607.97
35 618.82
46 871.88
47 469.32
12 277.20
62 668.61
56 423.88
14 538.40
94 692.65
26 507.15
8 475.64
47 773.98
98 392.59
75 550.01
53 577.83
73 942.24
6 651.56
4 316.29
67 729.37
33 140.51
92 259.82
79 437.69
26 933.68
91 247.82
28 693.06
3 832.76
53 816.83
31 396.90
38 174.54
31 605.42
80 153.06
27 977.30
71 638.81
74 935.55
10 250.99
12 462.24
76 231.78
38 311.77
30 247.48
21 389.52
32 639.93
5 991.21
85 587.41
94 605.12
46 391.21
65 731.05
40 287.51
65 883.56
72 956.65
7 730.24
85 765.25
74 987.19
66 970.54
23 920.86
79 377.51
2 205.22
98 526.37
14 491.52
62 185.64
93 209.64
18 333.23
96 733.91
22 720.36
83 134.78
95 100.85
95 659.82
60 291.26
27 159.96
37 480.15
59 143.09
61 972.83
25 187.79
75 414.91
84 144.23
57 858.20
7 369.60
5 134.97
66 777.37
25 624.85
2 266.70
28 719.51
52 121.25
42 903.58
34 909.80
1 651.67
19 234.32
94 107.36
82 424.93
92 832.68
87 176.43
44 792.95
33 668.68
26 845.85
51 826.30
70 485.72
14 135.10
41 453.26
29 138.75
68 950.50
50 329.07
80 517.80
89 942.94
16 385.29
64 368.60
7 494.68
11 808.14
85 266.98
68 735.14
36 437.47
61 124.47
90 704.84
15 478.51
54 444.89
78 329.80
28 385.86
97 299.51
9 786.07
48 900.87
36 382.37
37 456.03
30 396.21
65 786.66
61 827.93
42 907.17
65 418.57
81 664.45
16 871.72
42 176.27
41 581.80
93 811.54
14 423.26
96 473.05
75 456.33
27 661.93
93 985.07
12 500.72
82 108.92
17 232.96
9 293.41
54 678.29
18 602.15
3 128.48
73 413.72
80 568.54
34 331.88
10 778.81
47 531.31
40 562.39
54 117.39
89 479.55
68 535.18
81 549.91
37 831.82
34 324.74
94 228.73
75 168.04
24 420.38
37 571.07
86 234.22
62 391.33
32 625.14
51 651.16
26 216.78
32 719.51
17 368.78
34 976.52
82 737.60
55 848.19
90 880.30
83 688.11
13 993.19
61 371.06
87 223.85
76 888.09
79 750.57
44 852.61
25 229.80
19 841.24
49 427.85
61 359.62
89 946.07
91 587.64
77 669.29
68 988.62
36 598.61
34 352.29
31 871.59
78 690.41
14 469.70
36 325.80
94 739.89
42 710.95
17 284.62
14 858.91
7 502.31
60 159.89
11 613.63
73 405.81
4 984.80
83 908.40
27 388.08
4 888.05
57 561.08
14 515.64
95 982.88
27 721.56
40 212.68
65 542.24
14 348.97
26 600.82
28 572.43
21 448.52
17 458.30
98 583.02
14 194.76
61 713.55
56 892.98
18 911.01
39 403.08
82 170.19
31 709.03
25 246.52
86 490.98
58 859.78
72 942.18
47 542.56
75 734.16
95 790.10
27 607.16
37 148.10
6 341.16
30 775.04
19 598.80
93 163.72
48 696.14
