5000
16 238.88
7 718.90
88 144.31
70 171.80
48 123.40
71 990.04
77 521.85
82 289.60
28 585.99
36 315.18
78 811.42
4 109.23
33 395.60
60 701.19
61 534.02
60 452.62
10 127.61
9 992.96
51 887.70
44 228.24
23 519.49
45 318.07
45 795.21
75 823.09
88 265.19
29 851.96
58 869.28
47 806.58
95 904.19
84 924.38
83 992.60
55 287.18
15 721.83
30 188.46
72 821.96
52 812.56
69 869.17
9 350.12
41 904.07
22 853.20
24 166.92
22 427.73
31 589.76
66 246.18
68 939.44
91 821.32
32 307.64
17 321.05
62 692.38
80 507.32
8 824.00
96 916.77
74 239.24
96 254.46
59 729.55
34 333.00
77 270.29
38 732.15
15 109.80
17 893.26
14 860.44
60 598.92
70 131.04
2 924.66
60 478.61
14 478.33
20 333.71
99 448.47
41 165.52
70 405.83
25 960.06
74 402.67
65 616.14
24 464.78
82 102.72
66 617.03
10 223.17
9 358.54
13 970.16
8 372.64
18 579.75
92 302.40
62 626.30
48 453.13
56 716.89
79 759.31
35 884.84
45 287.05
84 886.01
2 951.20
83 685.84
3 979.38
22 157.18
81 269.75
59 285.43
6 187.38
68 805.95
60 689.76
29 461.67
86 914.22
66 833.34
32 591.81
52 849.24
78 647.09
78 736.25
33 447.92
64 291.16
70 188.29
77 808.98
33 643.00
99 282.10
20 612.84
21 281.00
42 335.83
56 782.50
69 589.12
76 945.33
38 807.04
88 377.78
84 947.81
15 613.70
58 322.26
61 179.82
14 299.76
94 543.40
21 879.03
84 706.31
81 879.47
48 159.69
55 639.14
27 164.88
46 790.00
90 509.86
75 559.62
60 209.83
81 299.16
49 760.70
97 354.53
77 978.08
40 833.33
28 360.36
91 431.15
3 554.07
87 992.44
75 159.20
40 425.43
71 426.42
22 765.03
49 954.12
22 636.71
43 506.39
10 144.54
68 186.53
61 651.27
14 322.40
29 331.35
74 863.11
92 793.80
4 124.65
81 431.08
30 804.50
8 574.97
41 555.59
8 760.57
100 945.25
78 323.78
34 195.74
85 580.02
85 221.73
48 452.75
16 633.78
65 126.42
31 701.46
75 731.04
52 445.69
83 933.92
72 536.28
24 444.70
47 138.44
37 772.05
33 469.41
14 367.29
83 480.49
89 920.54
93 306.17
55 334.57
37 592.16
19 485.36
82 419.63
73 632.09
85 492.14
71 256.06
4 224.18
9 795.51
64 353.98
93 148.53
20 177.07
93 920.08
76 678.64
24 284.46
86 416.41
39 396.15
13 310.11
65 686.00
58 324.77
86 874.96
91 460.38
69 229.80
32 468.32
14 787.33
95 852.87
64 368.22
55 581.09
98 482.06
98 927.63
35 288.13
72 166.43
36 522.32
63 914.24
79 518.81
46 826.59
12 240.56
44 538.20
99 664.91
48 276.75
76 327.49
19 431.46
56 949.01
18 877.47
76 808.61
70 770.63
55 711.69
40 141.31
45 367.81
29 941.51
84 167.71
26 550.08
91 551.90
43 250.60
9 518.01
27 108.50
80 340.76
87 111.54
88 989.42
87 611.99
98 448.57
28 154.41
5 469.33
3 960.63
53 190.46
52 193.35
6 487.65
3 982.28
97 150.75
16 172.37
85 110.57
100 646.98
73 615.75
99 642.35
76 102.04
2 252.29
16 130.73
83 673.18
6 164.53
95 525.14
22 836.52
28 305.30
97 936.08
53 366.20
27 572.73
85 556.57
14 770.10
57 239.93
52 645.23
32 743.59
85 672.78
73 344.92
75 661.68
34 115.51
2 119.20
80 149.88
9 401.06
62 155.13
88 325.61
91 625.33
17 453.23
82 821.20
32 125.63
86 982.54
54 931.57
91 150.54
92 915.79
52 803.03
76 863.08
64 964.85
85 358.92
56 621.79
51 758.58
33 800.41
73 491.46
4 356.57
1 305.28
41 788.56
46 333.36
78 278.11
42 265.74
2 854.69
27 362.93
65 733.40
56 265.49
88 915.37
40 307.49
86 654.15
24 376.91
24 933.42
73 738.71
95 854.67
31 126.11
41 923.00
85 572.74
60 897.84
25 833.34
20 940.49
41 502.69
56 564.50
84 361.26
45 706.92
11 577.46
81 820.94
63 850.69
5 203.98
77 945.46
15 572.94
25 474.68
46 213.61
67 961.45
71 837.09
16 989.40
100 331.40
82 548.36
87 493.22
74 234.05
45 569.15
77 433.33
61 430.55
43 526.30
60 411.66
40 838.42
72 102.25
67 976.53
6 101.19
37 926.89
29 440.51
14 168.59
37 939.58
87 687.30
78 729.17
77 847.78
37 804.11
50 812.10
59 242.46
11 885.70
68 105.39
99 540.46
63 622.76
79 361.33
92 942.79
62 846.39
38 929.38
60 959.47
31 882.56
9 785.10
75 265.50
63 764.40
10 411.09
19 745.51
68 666.01
61 647.31
63 757.53
95 842.46
84 531.64
89 188.15
40 393.56
53 230.44
25 287.65
63 545.97
63 990.39
90 796.78
22 395.17
21 254.50
36 649.86
44 191.84
99 107.35
65 354.89
13 410.26
59 239.16
30 957.10
12 936.91
48 770.28
19 355.54
41 996.99
13 411.29
98 256.57
65 504.71
33 635.05
98 135.50
70 256.83
44 391.87
29 475.60
90 733.42
20 515.95
4 843.40
5 167.44
2 950.98
20 613.31
16 173.12
4 745.50
74 255.50
18 489.82
70 931.10
64 256.29
95 148.84
55 244.34
14 823.04
99 361.47
51 744.97
28 574.49
7 495.68
46 449.05
79 590.05
34 904.67
9 226.32
98 877.75
68 199.66
34 252.39
3 810.27
78 275.31
84 260.22
26 630.41
12 932.65
23 307.61
67 590.58
56 382.40
32 570.67
77 104.52
78 696.30
10 994.72
85 779.35
82 755.47
98 487.74
85 607.57
74 832.13
89 237.95
36 178.17
86 777.81
23 449.11
85 821.43
80 325.48
2 500.83
17 313.08
37 707.64
69 205.33
18 698.92
46 904.51
87 278.31
36 803.84
75 751.91
32 313.43
96 689.71
35 896.46
66 443.99
65 459.74
18 910.40
79 123.89
22 699.60
67 526.23
22 331.13
87 821.99
81 583.47
27 546.60
95 220.48
8 443.67
81 831.34
80 112.59
55 625.59
62 688.49
72 448.92
85 450.12
3 127.42
49 830.68
91 301.95
63 131.90
81 101.96
8 790.61
82 457.75
88 505.59
38 670.82
49 858.18
20 848.55
95 531.66
17 288.34
30 267.68
21 786.74
82 611.09
42 857.88
66 525.85
75 455.87
60 188.25
30 969.14
11 141.21
61 939.32
59 809.68
71 709.88
27 657.35
53 196.68
58 391.41
28 511.63
20 909.75
38 536.75
86 684.19
27 631.06
77 108.02
10 543.47
7 931.25
21 973.69
26 770.02
29 766.64
72 455.38
77 451.25
59 189.83
65 418.36
95 484.64
75 169.96
53 178.29
39 663.92
90 698.99
80 394.10
25 572.07
99 224.06
61 473.08
39 367.08
61 298.39
92 538.11
73 715.45
98 722.60
35 814.68
86 890.75
41 130.02
14 442.48
63 291.52
92 471.79
27 481.80
52 566.47
100 805.98
48 673.18
45 861.10
81 151.54
55 831.00
5 692.44
82 183.42
83 925.40
71 143.04
75 687.59
59 869.94
16 801.96
93 332.65
22 829.91
30 400.79
70 392.93
66 705.67
45 225.63
8 369.60
20 847.82
58 354.31
28 840.73
41 780.14
17 522.63
96 888.28
24 806.91
56 793.74
95 572.20
46 684.97
89 864.54
84 205.84
97 408.94
43 684.56
20 684.84
67 316.24
52 706.19
29 213.22
75 914.09
42 294.62
95 984.18
8 459.53
82 959.06
80 788.95
22 318.06
41 314.43
15 284.41
18 672.17
45 123.38
60 848.48
29 459.60
6 871.93
89 354.53
52 158.27
41 745.80
11 326.31
62 575.18
95 715.59
46 327.44
29 350.10
57 947.51
29 881.88
33 906.66
17 168.83
40 260.22
48 833.83
11 115.73
56 894.39
72 197.65
22 749.38
18 495.60
59 629.23
11 956.40
51 265.46
13 656.19
46 449.63
19 916.99
21 737.21
81 778.28
50 942.21
62 525.64
24 218.48
68 906.87
19 147.00
2 234.72
69 157.23
20 808.41
10 184.25
58 405.93
35 848.83
64 947.22
6 914.13
62 745.13
72 275.97
45 969.82
90 148.67
48 522.29
46 495.33
100 757.41
55 367.08
16 724.92
77 456.70
30 680.06
14 973.56
14 703.61
26 208.74
61 643.96
37 834.47
6 320.11
33 200.21
65 406.06
65 443.68
99 796.40
100 787.77
10 332.30
39 506.64
55 633.88
69 112.45
100 496.33
43 421.27
86 403.71
40 798.66
55 437.01
68 537.07
45 508.41
76 610.30
97 477.45
82 869.34
81 563.84
86 340.36
72 914.00
73 743.73
68 576.99
3 509.75
57 623.29
3 344.93
48 480.94
88 895.11
22 907.91
28 762.78
86 559.13
42 129.24
62 914.73
48 249.01
62 567.81
11 216.88
70 847.28
85 526.54
84 690.17
15 479.44
2 126.74
62 715.05
84 495.52
23 369.18
63 858.81
55 606.37
50 147.39
40 956.82
72 463.73
86 153.11
19 944.50
38 189.69
71 905.51
10 776.97
84 545.19
83 312.69
56 998.87
98 742.03
49 311.58
38 424.39
19 841.19
24 395.12
41 186.06
20 602.10
46 728.00
96 809.04
9 335.84
73 960.13
25 977.44
74 462.89
1 147.06
7 936.67
58 391.94
27 976.96
82 665.18
11 314.61
95 880.54
35 721.34
92 366.40
36 503.08
39 110.57
3 604.03
2 296.28
25 959.20
8 263.88
62 753.93
29 888.12
33 385.96
38 294.74
83 696.24
73 613.30
66 878.87
76 525.47
26 764.89
26 728.89
69 922.82
45 120.31
14 337.98
26 230.33
19 690.96
55 694.36
18 208.45
90 341.68
45 380.55
19 137.23
78 963.75
34 101.30
88 683.96
92 521.01
4 785.46
97 338.80
5 132.65
45 450.29
10 691.08
62 576.77
23 913.20
64 868.60
52 169.31
41 754.77
77 471.27
93 743.96
86 816.34
4 105.62
51 365.27
86 819.37
24 309.02
33 900.31
67 749.74
1 215.50
25 598.02
55 341.23
32 872.24
71 989.15
85 428.82
43 373.82
6 538.12
18 957.39
66 332.50
50 751.39
27 910.34
25 582.28
85 336.45
96 360.22
26 515.65
59 330.93
70 161.72
52 577.99
93 645.15
14 782.44
69 864.62
33 565.06
36 673.32
29 596.32
14 849.77
47 504.25
53 218.10
69 564.40
42 143.66
98 686.95
61 531.16
99 382.85
24 120.08
98 392.31
21 656.31
13 597.17
11 527.49
61 512.57
29 553.02
2 789.89
21 488.70
33 497.03
47 390.01
35 745.65
67 495.20
62 670.99
11 643.51
60 209.29
18 598.03
50 855.82
18 374.59
67 316.02
58 611.62
25 535.28
73 316.05
67 850.33
20 347.68
64 455.07
24 925.66
80 714.64
30 920.46
97 104.14
32 840.29
49 938.68
86 275.80
42 872.20
40 524.27
58 268.02
88 588.13
82 255.04
26 264.84
36 656.97
17 266.18
39 550.34
92 938.95
26 671.98
62 548.82
5 828.74
45 768.61
45 829.25
65 262.80
25 462.27
34 700.85
30 564.23
61 759.92
10 110.35
85 746.35
47 985.25
32 370.59
76 936.41
33 794.33
40 440.41
66 227.60
47 199.84
98 803.65
3 916.07
32 241.15
35 766.67
71 438.01
82 869.86
7 758.26
20 463.00
81 626.48
32 960.22
71 582.46
52 756.25
59 722.97
33 942.73
46 322.92
46 333.76
15 462.25
26 513.41
40 581.87
70 116.54
94 287.73
12 126.56
14 395.63
22 805.18
71 299.74
20 525.43
94 787.02
64 757.47
68 225.32
100 929.27
56 364.19
2 582.00
49 906.72
33 962.82
94 803.12
17 822.95
78 890.88
56 113.81
17 962.29
97 133.17
79 488.72
17 918.06
82 920.10
12 355.83
63 810.31
25 643.56
23 319.00
13 710.68
9 318.72
98 900.13
47 226.76
67 501.26
41 218.10
53 995.68
51 378.11
3 426.02
67 235.01
59 179.27
22 131.58
26 157.57
71 476.59
13 542.70
34 136.76
95 663.91
9 619.21
57 438.49
48 416.80
80 426.81
11 855.66
85 760.15
66 431.17
43 288.30
8 390.37
35 929.24
92 237.03
15 588.70
4 849.33
69 118.09
24 114.76
7 482.11
56 626.22
6 974.81
34 945.04
58 698.96
3 399.34
88 536.86
62 447.89
35 415.43
81 704.93
79 370.25
15 151.54
24 242.17
72 960.22
63 464.75
97 785.49
30 546.48
72 342.50
10 887.36
82 277.22
80 156.81
76 170.93
8 520.12
94 168.66
56 752.43
90 423.78
79 206.96
19 800.88
49 623.55
74 112.19
33 821.11
42 719.76
2 675.97
50 424.27
73 331.62
28 681.62
73 652.59
93 927.87
90 833.64
37 970.68
8 212.96
22 411.51
49 335.25
82 931.18
4 182.30
86 241.40
65 620.00
32 628.33
88 373.32
4 358.21
42 199.16
27 958.18
57 888.02
64 428.03
62 584.21
1 385.13
18 244.30
23 707.65
93 142.46
96 413.98
94 298.28
46 200.76
83 721.37
33 885.38
15 875.49
26 343.95
76 893.46
35 359.46
70 270.64
46 387.62
94 718.09
90 863.76
17 520.81
1 416.05
85 493.23
44 459.87
44 678.06
14 349.78
67 956.34
97 321.80
51 980.66
73 982.27
86 579.95
97 796.80
47 567.96
20 572.10
15 889.76
50 930.09
76 886.24
70 679.25
32 849.43
31 286.00
50 745.61
83 395.45
49 937.53
13 709.28
3 231.95
85 805.01
70 453.30
37 708.88
92 563.06
50 687.95
1 469.21
65 909.58
2 704.51
70 574.48
18 742.24
98 701.96
7 161.73
10 331.12
50 161.18
34 728.63
17 963.43
13 704.88
57 482.59
78 209.93
42 563.69
71 308.70
2 254.06
34 389.58
54 992.32
64 468.13
69 681.57
80 103.66
45 259.74
98 410.06
27 762.78
58 919.26
60 296.57
33 885.10
64 452.87
95 930.57
10 936.30
78 328.66
14 814.56
36 435.13
38 399.94
14 624.67
96 929.70
23 627.85
13 964.13
84 756.30
30 740.18
20 214.41
17 424.51
2 654.19
51 639.66
71 219.08
55 549.06
37 864.21
56 316.96
73 729.20
51 380.20
43 563.82
27 743.37
75 586.04
64 942.02
94 675.87
14 412.92
75 554.66
60 949.88
13 682.54
78 484.60
49 365.57
50 523.96
88 563.98
98 224.94
2 874.61
47 602.57
20 760.44
49 284.46
38 479.98
41 545.83
28 253.64
14 716.60
91 623.22
26 160.77
48 470.30
82 737.82
55 756.18
92 160.10
55 153.09
76 320.56
47 379.76
41 325.20
13 771.76
43 855.72
59 598.27
77 350.97
23 578.24
6 648.63
98 328.70
14 304.79
1 655.21
15 424.68
50 996.30
31 696.47
31 137.97
52 327.07
58 161.38
52 874.93
48 306.21
22 549.45
78 872.48
29 498.26
25 870.90
83 219.90
11 403.07
94 765.09
65 624.23
12 602.13
20 315.13
50 466.31
11 550.28
26 100.52
64 485.22
3 475.01
54 355.02
37 650.56
21 941.14
85 842.92
25 131.00
94 212.51
21 923.46
74 536.48
82 248.31
63 855.73
28 773.86
29 987.76
4 551.77
73 823.55
61 141.37
89 240.17
58 271.71
78 383.97
52 328.50
36 814.67
7 582.63
13 303.82
7 907.78
8 830.69
3 102.67
85 913.05
68 373.91
50 460.33
19 214.48
40 364.07
64 125.76
21 136.27
9 269.30
44 279.26
61 890.17
77 139.71
65 536.77
6 194.09
1 763.20
31 585.47
39 831.63
24 750.74
21 861.08
40 657.22
61 794.63
25 633.26
95 634.37
63 227.42
51 887.58
22 291.11
84 111.25
14 881.13
62 448.84
11 195.63
1 661.74
100 212.70
81 523.54
26 831.81
44 409.84
35 710.01
7 533.82
44 139.36
10 621.12
60 683.29
94 262.90
16 601.27
91 426.25
32 667.97
18 483.93
100 898.75
58 278.74
55 894.29
93 859.58
47 121.78
50 189.45
88 538.42
73 811.59
3 120.96
8 860.03
88 688.83
59 375.46
53 493.32
74 386.60
35 283.22
63 824.29
53 141.20
39 200.16
38 367.67
24 785.39
47 129.33
72 842.58
40 609.31
58 813.93
34 701.77
95 797.17
18 351.36
65 630.07
87 296.06
67 138.25
53 974.19
88 852.97
98 707.82
3 438.07
85 564.10
2 147.20
67 972.67
11 996.83
21 954.07
68 740.16
68 903.98
3 149.17
21 277.85
20 683.54
73 592.83
33 696.15
36 609.62
37 549.90
12 503.63
66 264.18
2 982.42
55 146.08
35 196.97
56 565.23
59 745.02
40 318.51
71 833.93
43 586.39
72 111.75
75 563.01
70 791.90
56 986.81
34 708.32
92 579.20
92 492.87
78 520.40
69 298.73
28 668.13
98 277.64
11 397.48
44 531.06
23 772.60
47 641.54
21 836.85
22 812.60
76 942.67
42 803.23
55 385.18
67 138.22
96 557.67
60 620.95
54 897.07
76 406.43
38 927.03
30 801.49
44 410.18
39 580.11
41 969.38
15 909.36
2 694.07
70 730.11
19 840.20
32 522.45
40 367.53
94 288.81
5 458.68
35 199.00
53 436.79
95 260.31
67 681.29
72 700.33
72 474.00
15 323.42
73 957.97
33 712.50
23 531.31
64 208.19
70 643.66
97 491.90
38 309.34
45 383.74
9 598.71
36 379.40
2 548.68
20 954.19
5 261.33
26 863.73
91 915.56
87 867.01
6 475.51
89 943.82
83 802.40
5 403.67
89 233.71
18 915.74
41 794.10
72 190.61
19 905.23
50 458.94
89 444.51
96 651.67
85 366.87
2 446.74
56 222.02
55 686.01
66 263.76
17 573.88
67 416.66
21 448.03
14 870.20
30 768.59
95 794.98
6 926.33
58 853.59
9 587.14
8 482.35
98 473.82
25 146.66
88 245.25
70 289.52
69 421.33
62 102.94
85 404.67
60 890.06
71 631.04
53 432.28
27 736.93
60 974.56
38 426.81
46 254.18
22 547.30
82 773.01
70 330.58
56 599.73
84 707.67
40 334.18
41 370.48
43 788.93
56 700.66
73 645.18
46 273.87
29 222.00
40 758.14
54 403.14
47 170.36
86 752.35
82 226.21
58 458.98
86 873.11
37 665.30
7 565.37
29 620.22
72 966.82
89 508.51
61 203.15
99 719.30
42 670.78
12 215.21
1 269.54
12 561.93
79 971.01
19 972.61
3 289.91
83 387.63
30 561.83
83 242.61
29 585.65
44 548.52
3 557.69
95 181.88
38 309.02
59 110.71
96 595.80
66 362.37
16 339.11
14 443.91
82 894.30
82 153.79
24 194.61
37 115.69
96 734.51
14 124.48
49 212.81
60 861.55
8 913.73
24 502.18
70 235.74
97 919.87
60 713.80
38 193.79
68 316.85
91 145.35
43 529.60
90 406.68
12 428.20
42 494.56
28 697.87
11 178.56
97 937.90
36 312.45
3 494.96
98 881.76
86 536.42
31 515.30
70 319.53
14 939.86
25 765.50
25 461.72
25 433.16
60 769.15
35 609.87
25 431.75
53 990.77
2 986.42
34 802.02
3 810.73
13 106.14
54 988.34
35 743.53
10 191.09
47 183.98
5 623.22
6 351.22
63 927.57
2 472.82
97 366.71
30 214.51
1 376.16
89 696.46
19 986.57
98 956.75
56 770.72
51 529.44
53 119.90
20 501.21
63 832.49
7 521.79
67 922.00
52 441.35
77 703.05
39 827.74
83 334.10
46 898.09
29 221.96
15 384.34
15 573.58
63 154.86
5 304.06
47 962.24
19 453.52
42 717.10
89 715.45
62 904.22
91 890.01
36 273.73
45 877.12
16 570.73
66 580.13
8 484.39
33 752.72
43 881.67
55 191.94
21 928.97
95 879.09
89 403.42
43 581.34
94 198.63
85 237.07
21 268.62
87 541.95
29 949.78
43 465.07
47 474.35
40 475.18
25 604.64
19 309.04
88 250.61
37 690.37
84 541.94
27 550.18
27 786.43
79 282.36
75 162.70
84 706.62
4 992.37
43 597.94
36 123.22
29 470.14
6 220.54
8 970.79
59 391.32
2 178.35
100 566.59
75 183.89
77 282.98
50 870.08
44 724.70
36 975.64
57 308.16
57 722.97
67 229.37
74 715.11
39 123.35
3 974.65
67 440.43
66 737.25
33 147.45
89 823.52
46 489.67
90 708.83
28 350.27
10 564.08
27 450.92
51 679.58
87 197.42
65 951.52
15 964.30
46 276.07
94 223.57
87 125.21
46 922.28
87 609.69
31 532.02
36 591.01
38 237.61
32 440.60
20 293.04
69 775.86
3 162.23
92 298.40
96 491.55
5 975.37
5 537.08
62 451.52
10 112.99
85 468.67
2 189.27
85 859.72
70 538.34
32 531.15
75 133.24
64 877.27
76 383.59
35 400.12
12 361.75
34 666.06
30 257.96
5 315.56
78 568.19
18 914.41
82 279.78
67 397.25
37 673.49
56 567.59
3 149.77
58 627.91
79 841.46
85 895.17
54 721.73
40 336.99
76 293.77
20 776.06
93 620.11
76 126.94
70 221.08
25 346.17
91 311.68
92 824.10
80 283.31
9 301.06
27 630.73
36 543.53
66 812.03
18 574.63
59 253.40
33 387.70
38 655.40
81 695.43
15 224.90
100 330.36
13 817.20
53 350.60
87 277.90
96 318.52
72 895.49
50 161.69
19 976.77
54 597.40
50 323.17
63 134.00
68 706.11
30 804.37
66 379.93
51 514.81
28 920.37
49 784.57
72 810.05
70 220.68
78 162.87
42 120.20
20 680.46
3 279.57
1 387.92
81 371.50
82 487.40
17 772.45
86 192.93
75 327.59
54 431.89
31 841.78
95 762.74
9 270.07
84 722.18
11 384.52
13 917.35
79 521.36
97 651.13
62 138.66
56 214.78
98 353.40
86 458.79
64 139.15
98 665.24
53 529.94
97 355.79
34 182.30
18 360.46
65 123.01
94 262.62
10 916.55
46 292.05
29 885.00
36 971.49
50 167.27
52 128.81
43 873.71
65 950.40
28 857.54
20 713.45
48 156.58
26 888.41
12 660.99
13 614.22
54 517.70
95 557.93
51 903.36
45 382.71
68 780.09
18 294.41
34 633.27
90 493.80
67 951.36
33 825.00
90 878.20
63 306.66
31 938.69
49 454.58
72 739.29
43 158.38
24 829.54
61 602.80
24 131.31
24 803.44
58 708.15
60 611.95
86 529.34
71 716.50
25 503.40
94 991.71
19 576.70
38 239.38
13 892.15
84 389.90
68 142.70
18 772.65
49 425.15
22 396.92
77 352.61
51 266.52
23 578.41
97 614.80
64 502.09
64 815.75
60 521.90
6 326.15
13 975.45
28 708.60
33 698.63
98 868.71
21 493.66
46 749.09
22 157.32
3 521.87
100 424.71
20 184.02
80 157.07
82 586.25
4 413.71
82 429.73
60 199.59
57 999.01
31 700.96
96 847.47
78 749.51
47 626.53
68 324.03
21 544.90
71 786.49
85 678.28
21 995.67
82 648.84
52 337.42
56 562.63
36 459.77
83 866.12
43 199.89
29 600.56
40 979.40
12 437.70
39 747.10
40 759.73
57 318.72
39 646.07
18 305.68
57 736.46
23 637.17
25 670.50
25 743.83
19 848.27
11 298.13
10 696.73
76 535.58
46 258.60
38 653.02
37 389.24
63 923.53
22 696.93
95 209.85
31 351.11
92 465.32
9 169.48
60 291.58
3 654.06
70 617.88
70 521.33
84 507.78
22 878.61
70 329.66
66 948.24
46 990.18
80 806.36
41 734.20
63 816.01
41 236.93
68 946.09
29 739.49
71 433.85
51 541.67
11 177.63
31 412.23
75 411.04
71 380.43
43 121.70
61 251.84
97 223.51
23 219.46
49 938.29
31 511.81
75 651.54
89 746.82
60 732.31
12 337.13
92 371.29
33 987.98
93 691.33
43 448.57
42 839.19
66 705.67
18 533.87
31 325.79
57 802.83
50 239.90
80 709.70
42 205.37
44 695.75
24 229.83
38 490.09
4 705.52
98 159.65
78 457.50
71 936.31
51 847.08
50 623.77
1 812.56
68 227.04
98 571.02
54 672.68
63 301.53
74 675.30
24 553.27
65 746.98
75 378.04
15 302.42
59 578.91
7 215.78
20 883.47
53 546.87
9 707.35
30 593.00
26 971.79
43 962.11
4 943.71
14 529.64
97 875.26
7 652.60
24 122.72
85 583.98
6 473.43
60 371.33
16 413.67
64 497.78
36 734.58
73 625.45
50 978.89
29 328.13
36 806.94
74 185.75
33 315.98
65 519.75
80 929.75
97 768.31
64 891.60
4 202.35
32 540.76
5 593.28
20 339.87
71 796.08
37 269.24
26 622.67
21 839.73
17 530.69
90 706.95
100 376.75
65 444.38
58 621.28
45 902.92
41 994.66
77 683.09
80 632.87
44 956.49
8 330.91
4 989.76
2 925.83
24 375.07
40 238.05
97 102.23
90 470.96
100 761.75
12 281.07
36 218.46
86 845.70
29 217.56
89 629.48
80 176.12
32 337.57
24 819.30
33 786.33
48 448.07
2 543.59
1 131.46
9 468.41
42 328.96
75 791.34
44 172.71
90 563.49
52 329.97
15 140.07
50 584.81
11 437.56
6 888.00
11 292.09
77 631.61
18 318.89
99 258.47
57 718.69
10 305.45
73 816.19
51 594.64
35 387.96
65 133.27
67 109.44
44 650.06
18 820.10
66 576.39
4 855.37
16 467.21
41 297.05
4 763.45
8 607.54
55 230.13
98 479.02
36 674.57
78 720.53
82 502.95
36 246.18
87 391.43
80 634.92
95 739.83
86 312.24
2 637.81
93 335.74
94 115.02
19 209.44
1 539.42
31 404.18
92 754.98
8 750.28
70 342.79
23 980.67
6 694.74
90 520.91
64 469.96
91 522.26
53 719.88
95 220.26
56 364.58
6 854.27
28 258.61
87 996.02
75 538.79
33 800.45
81 593.16
25 996.77
96 520.29
92 686.91
27 689.66
20 101.29
76 968.26
70 241.19
56 553.85
80 690.07
99 573.08
78 854.33
35 716.06
69 897.62
97 208.09
83 206.66
40 382.35
78 696.79
45 190.10
59 868.73
72 390.53
5 469.81
76 238.65
99 212.82
19 544.59
98 985.07
94 674.11
16 650.52
47 453.43
78 177.89
93 837.66
45 188.55
62 279.85
61 247.58
79 121.94
60 763.11
74 730.73
7 292.57
17 564.78
30 388.04
21 656.09
79 863.49
76 786.41
43 642.59
99 679.08
16 462.05
32 359.50
77 452.04
92 191.85
33 454.78
82 811.38
29 899.65
35 139.99
18 505.11
38 664.65
71 358.94
93 781.36
48 350.80
48 442.23
66 314.57
50 527.47
82 149.86
39 270.87
11 412.88
25 938.03
57 351.78
80 621.47
5 494.81
67 697.89
97 619.71
9 500.69
86 724.78
7 244.21
40 548.06
66 465.86
11 527.14
3 730.09
39 481.37
94 766.69
50 427.70
89 632.29
8 195.10
97 923.55
100 639.79
28 671.82
31 625.45
69 794.73
24 313.39
24 823.25
68 515.67
23 438.82
35 435.95
61 329.90
23 622.64
76 679.98
36 386.05
31 824.42
5 192.76
36 110.13
36 367.41
94 846.81
51 377.26
97 821.48
2 447.61
57 946.01
60 397.01
7 819.09
55 720.36
43 641.39
76 125.71
55 260.46
65 618.83
74 132.62
15 218.63
75 834.13
84 835.27
26 387.09
63 459.94
45 533.09
2 353.54
53 839.84
61 678.24
58 982.99
24 179.20
12 312.59
18 794.08
84 920.02
84 517.24
32 197.31
33 252.18
81 879.40
4 822.72
19 330.94
19 432.56
83 724.07
43 438.33
13 568.15
10 621.91
46 382.39
63 480.39
91 984.41
18 234.67
44 332.73
59 970.91
9 453.40
74 287.84
71 406.27
46 814.94
87 432.25
26 737.51
26 976.41
52 398.57
49 207.24
1 738.40
65 482.56
76 229.02
83 406.11
69 207.21
71 945.49
22 616.55
76 663.13
16 241.72
58 932.76
18 876.28
21 244.70
42 475.81
54 830.18
69 222.30
73 156.53
33 235.95
24 277.68
6 915.73
31 141.20
85 473.00
40 723.85
64 736.66
28 434.32
40 863.94
77 528.42
30 990.02
41 757.73
24 682.91
61 236.08
51 246.02
11 740.10
71 387.03
57 311.19
20 648.44
98 244.36
9 358.52
58 189.61
47 849.28
71 192.20
32 139.71
40 436.61
61 965.39
53 962.27
53 731.66
50 819.96
7 109.44
66 392.22
51 513.02
23 850.47
37 808.32
58 801.90
17 375.94
44 135.63
75 758.36
49 687.64
52 405.72
21 407.94
31 683.21
1 546.05
49 617.07
49 790.36
75 382.24
98 424.92
58 919.64
17 923.89
35 313.93
88 734.00
91 949.37
88 321.11
58 125.05
88 468.36
5 152.79
45 579.62
70 102.39
51 954.13
70 391.63
100 992.70
49 524.27
16 268.51
55 632.96
30 765.22
23 364.51
13 953.62
82 336.27
7 926.03
56 949.86
61 461.15
47 105.67
36 512.51
26 401.21
55 162.05
53 736.06
78 665.55
99 271.18
97 254.09
60 389.76
65 428.94
46 519.71
2 454.67
57 937.87
58 119.47
16 171.97
61 442.02
57 757.95
52 304.13
97 619.74
59 768.82
11 743.67
83 703.44
89 870.88
75 881.51
13 798.28
97 852.35
17 734.02
17 900.89
100 622.84
69 907.73
36 679.94
39 446.82
6 718.58
90 629.73
6 933.84
3 911.98
44 386.77
89 548.78
31 488.06
57 762.82
80 253.22
89 903.21
29 139.73
64 724.39
45 520.02
50 929.28
16 793.76
80 742.73
93 754.48
49 479.68
73 861.58
33 993.92
75 335.95
67 737.70
49 763.21
55 731.90
97 444.82
17 590.55
18 647.68
95 845.89
19 655.08
22 546.57
11 429.25
61 306.83
85 329.26
85 572.15
80 409.28
93 625.07
86 255.91
73 511.61
80 497.31
90 554.90
30 530.87
18 467.56
7 227.99
78 437.90
46 858.28
66 544.60
19 682.05
2 399.62
21 548.65
93 859.16
83 548.53
8 457.38
25 522.74
37 125.08
85 173.19
63 332.88
91 178.08
17 249.14
75 684.71
26 603.57
11 863.17
47 271.14
40 227.04
93 241.89
80 992.15
31 373.63
72 850.19
12 359.61
71 424.70
78 587.71
82 300.61
32 577.29
62 707.51
11 872.09
89 555.93
87 757.59
75 604.94
30 888.25
53 303.02
43 119.63
89 337.43
7 425.04
22 727.22
62 493.81
79 348.85
32 799.33
86 516.27
36 162.86
15 828.19
61 455.36
51 236.74
29 123.14
37 167.15
7 230.85
48 883.13
68 896.24
28 388.36
35 424.27
53 716.24
97 729.58
43 841.15
69 431.22
76 258.20
51 750.15
100 728.29
37 390.21
62 373.71
21 989.95
6 748.11
49 567.52
73 812.46
14 816.98
90 922.73
55 412.10
39 782.36
21 908.24
44 526.19
80 235.95
39 952.15
6 243.75
65 461.98
82 728.76
27 781.81
99 865.94
47 485.87
22 193.18
95 621.58
10 418.65
3 496.30
81 339.48
80 222.51
60 828.68
75 614.80
1 652.68
67 372.92
42 628.85
12 574.33
95 780.92
31 113.57
14 243.41
38 108.36
51 851.13
40 536.37
88 574.35
18 295.48
2 376.68
98 950.45
86 745.99
88 736.21
94 276.92
97 759.45
97 472.04
45 971.22
51 803.84
67 473.69
49 727.28
86 239.69
97 223.41
68 248.65
39 194.75
59 297.40
18 187.26
20 528.52
61 454.27
93 422.65
10 582.46
22 193.49
26 211.94
71 591.44
25 560.18
83 824.15
47 939.85
91 405.84
52 260.24
41 627.00
66 147.96
47 654.92
14 236.47
74 282.00
36 792.83
99 716.83
37 449.29
48 898.67
29 382.04
100 919.38
8 443.34
46 220.56
31 108.52
87 276.76
55 336.30
59 120.92
71 586.06
18 465.39
65 397.92
94 138.50
100 582.78
83 104.53
57 414.04
10 287.87
91 605.87
23 921.38
67 504.58
19 564.17
16 133.48
45 714.41
52 974.17
33 976.49
42 737.27
87 153.96
34 695.71
95 907.97
65 741.50
25 972.12
29 472.94
39 406.91
17 280.27
80 227.20
29 770.99
93 970.67
77 591.39
40 176.41
76 272.32
89 235.13
13 927.59
50 475.34
15 716.04
5 780.43
60 187.29
19 267.77
52 959.66
99 536.62
13 181.22
25 937.94
2 277.30
26 378.44
56 421.52
100 454.15
40 527.27
71 691.25
8 143.24
24 821.80
99 446.32
38 310.04
43 655.79
38 410.65
10 685.50
23 572.84
38 681.77
42 656.48
27 655.46
83 924.02
30 521.00
95 286.79
57 294.12
78 279.98
38 758.25
89 499.62
22 916.48
34 953.39
98 657.96
3 912.17
30 283.67
20 933.51
100 362.85
6 611.85
41 328.48
69 788.46
53 170.28
84 667.63
92 441.43
72 231.56
82 546.01
85 974.70
55 439.10
95 379.29
84 873.19
98 933.13
69 484.07
79 764.34
65 834.83
55 488.28
85 563.69
41 697.34
48 423.43
87 682.87
48 955.79
13 581.38
78 156.12
85 841.63
20 659.69
84 345.80
86 146.95
26 105.04
40 582.88
73 787.56
87 834.76
32 711.55
4 569.21
100 703.84
65 160.01
81 125.57
98 870.61
92 502.99
11 158.28
69 766.47
17 182.84
5 729.57
46 637.24
57 471.13
53 123.15
92 701.57
27 101.88
89 745.69
24 181.22
6 619.77
29 525.21
47 403.76
56 962.14
11 588.49
61 876.85
93 934.72
73 295.47
68 486.55
72 454.47
99 951.14
20 168.57
55 659.02
40 492.17
17 473.74
12 130.85
14 404.95
97 403.09
100 841.48
8 310.21
14 490.28
2 671.96
54 479.02
2 871.95
93 212.42
1 700.45
27 758.00
27 477.43
74 746.89
23 514.24
26 205.09
63 789.26
71 166.21
50 528.48
29 825.43
66 547.84
91 293.71
43 942.23
5 343.57
83 301.81
50 159.24
16 147.44
96 875.12
97 346.10
62 517.42
81 807.50
43 826.85
20 402.03
60 598.49
69 289.87
71 614.41
21 961.11
86 860.80
92 377.46
51 998.49
28 221.43
62 335.17
67 716.10
41 788.59
73 814.99
36 946.94
4 377.08
21 623.56
62 281.57
4 897.24
35 506.51
76 915.64
60 702.32
2 705.68
71 385.98
57 468.19
24 373.05
77 324.56
89 204.08
80 770.74
79 810.31
21 352.82
31 518.35
68 270.58
56 762.73
33 664.00
41 811.07
83 383.19
58 333.26
61 596.16
77 479.73
84 966.08
90 480.24
69 518.54
34 947.80
89 655.93
98 688.70
90 427.24
57 570.79
33 939.14
49 184.91
28 150.24
51 809.15
88 409.66
65 433.73
91 343.60
27 345.62
93 134.26
35 330.13
46 660.89
9 742.05
35 834.91
99 740.44
97 697.52
69 275.54
59 465.98
85 141.45
14 499.67
52 870.14
17 815.19
26 635.43
19 362.51
52 819.93
49 861.60
77 843.94
50 225.30
44 464.86
52 750.19
23 941.58
81 800.55
59 376.61
100 130.50
57 343.96
43 147.64
44 688.06
25 239.90
66 742.76
75 214.27
49 933.60
61 906.09
29 449.90
32 324.76
2 779.34
73 655.40
40 648.88
46 733.75
9 130.41
52 168.72
37 299.36
94 948.81
56 639.19
75 974.21
49 429.83
39 700.56
3 878.06
82 724.89
55 530.40
88 342.99
11 273.28
3 430.69
62 712.37
85 285.87
18 850.30
97 573.68
21 492.99
38 593.27
4 906.87
35 303.59
97 455.17
34 305.37
6 429.51
53 301.01
89 795.56
96 888.06
41 845.64
94 922.77
38 858.48
95 992.62
85 244.83
63 540.17
19 982.90
18 436.48
79 899.06
19 788.92
43 701.75
2 803.33
44 105.69
63 863.06
23 120.76
19 996.87
31 426.11
73 817.58
42 754.64
41 824.12
2 124.19
40 506.37
77 156.62
45 766.71
100 225.91
58 464.82
17 581.48
11 813.83
25 257.52
65 947.30
63 324.87
13 272.09
10 275.33
22 819.41
18 990.84
68 650.19
98 986.21
11 832.32
68 827.46
78 707.43
66 101.60
67 622.44
5 921.66
52 547.01
88 999.89
40 248.60
49 647.08
61 698.29
78 208.42
45 292.83
47 216.75
26 633.46
38 803.11
89 667.57
2 782.35
15 132.63
80 721.88
90 547.78
99 524.69
51 252.15
100 484.61
37 526.59
8 249.86
76 711.55
36 343.52
73 298.20
23 621.68
22 238.05
72 891.14
90 897.86
26 823.38
13 847.54
1 674.68
29 898.42
54 756.11
68 686.40
71 956.59
42 348.62
74 799.41
11 140.64
35 745.65
33 142.91
82 334.78
11 513.94
88 861.75
40 689.59
71 909.67
45 575.39
99 573.21
87 909.20
73 878.23
33 285.42
81 575.68
49 357.16
46 436.91
57 121.91
96 796.30
87 744.19
49 279.20
13 493.04
99 975.10
3 388.42
8 422.60
48 792.05
79 245.58
4 439.30
30 494.05
90 287.86
61 279.61
99 863.21
73 956.38
84 298.42
33 739.93
4 949.43
2 503.32
69 478.18
2 278.34
33 906.76
100 760.33
19 182.79
63 797.31
26 874.28
22 389.67
30 657.61
49 108.81
18 326.62
40 210.28
79 401.33
39 285.85
93 802.90
13 354.67
28 472.24
95 186.41
27 885.33
27 195.69
22 528.96
46 423.23
80 303.71
58 709.29
95 906.31
18 285.30
52 723.16
58 954.61
46 390.54
77 495.77
81 890.82
83 167.39
4 426.40
29 146.32
12 449.03
38 590.39
96 834.71
18 316.32
9 961.69
46 561.01
85 659.94
48 763.91
6 776.57
51 584.22
47 461.76
63 439.00
45 881.36
50 390.82
88 579.65
35 853.28
8 970.87
69 836.17
56 653.35
20 148.61
41 139.74
49 133.07
91 802.95
97 124.83
82 362.56
78 183.28
5 155.60
55 360.01
50 807.37
21 435.09
51 133.70
9 857.65
65 146.05
72 300.47
92 283.75
57 466.07
61 422.95
2 626.69
71 693.55
78 394.14
47 854.56
49 229.56
80 396.86
8 890.95
88 359.74
16 786.53
12 531.15
29 771.42
71 918.67
24 128.16
85 579.70
98 208.75
54 932.31
35 727.03
17 960.50
51 719.30
75 435.13
83 530.57
94 374.00
63 150.89
50 177.48
65 333.35
47 391.10
13 546.82
52 525.09
26 389.86
1 501.27
52 247.08
35 507.39
97 530.95
28 618.78
7 430.14
15 167.88
1 971.12
15 346.38
28 977.31
59 378.71
88 998.08
85 159.90
75 879.44
48 705.34
16 147.73
30 239.89
60 193.34
85 598.49
1 898.96
46 773.64
24 400.30
29 637.62
32 493.90
21 547.82
8 529.34
77 573.06
50 649.53
91 975.19
7 587.18
10 112.44
93 340.44
64 139.36
83 839.92
1 962.85
91 413.78
27 265.61
58 370.79
28 727.05
47 826.96
71 400.80
86 742.67
12 241.08
25 771.91
91 981.58
37 285.44
76 439.15
72 487.26
26 938.21
57 731.48
54 616.52
18 148.80
81 749.25
24 405.95
11 557.75
78 970.31
45 787.94
11 824.99
19 166.20
33 418.42
51 636.44
17 759.97
77 593.34
36 663.37
43 835.48
78 753.18
61 499.96
100 375.00
5 722.19
88 490.50
72 501.30
32 399.78
81 697.32
25 838.99
69 684.16
11 139.17
13 121.84
73 340.76
1 258.35
24 438.69
22 235.68
91 358.24
67 629.81
10 405.85
59 846.13
19 377.25
32 383.58
19 374.50
42 923.60
5 973.49
89 456.09
21 340.64
93 378.95
64 717.60
71 656.06
87 186.76
46 999.56
76 348.14
34 827.53
93 233.83
65 584.28
45 464.19
13 196.51
35 984.88
60 518.59
98 723.64
1 177.44
46 800.88
31 658.50
2 469.92
9 100.53
40 738.95
18 901.75
4 917.78
25 147.88
22 279.28
16 670.33
72 498.41
74 768.44
18 750.73
70 828.12
64 289.19
21 345.46
42 503.85
15 988.35
32 318.02
14 919.48
82 801.67
29 226.57
58 587.13
67 822.20
54 995.64
76 461.88
73 316.64
54 644.53
36 635.18
77 566.63
37 893.97
71 282.52
87 995.46
26 616.33
67 966.62
26 695.58
89 687.92
29 256.27
53 456.27
56 777.12
16 709.97
87 839.11
8 159.47
64 593.08
76 188.90
34 659.26
76 685.13
76 263.50
44 147.22
45 858.20
97 196.71
4 801.54
94 113.12
99 197.21
88 436.81
30 224.72
25 828.54
37 417.87
12 939.51
39 912.24
24 323.90
76 453.89
53 318.70
69 866.51
41 866.76
14 698.02
81 196.44
22 577.42
13 274.39
52 738.46
38 329.58
72 722.06
11 220.31
36 955.01
47 854.01
98 341.80
95 647.19
57 856.14
7 654.75
70 840.58
28 837.35
80 205.26
66 623.68
11 513.09
98 925.72
76 835.94
70 704.93
82 535.37
100 417.15
17 726.41
93 159.67
88 763.79
18 814.18
88 309.53
100 141.95
42 620.70
69 702.45
70 729.11
44 573.86
67 878.24
91 844.82
66 656.34
71 134.92
14 518.69
76 329.76
1 165.09
69 914.85
84 290.28
86 463.04
9 436.01
35 956.14
44 534.21
17 731.27
84 119.89
73 273.16
81 303.36
7 991.71
65 213.62
23 105.54
43 187.92
58 309.49
79 642.86
14 752.49
93 661.03
78 528.12
58 644.48
44 645.17
58 474.16
49 892.63
39 839.10
56 542.14
47 721.24
32 264.23
100 645.30
7 500.23
76 666.54
1 708.58
75 532.05
50 351.94
98 186.53
54 372.55
10 167.45
14 496.81
96 139.72
16 504.84
80 816.05
44 969.87
65 212.89
67 657.92
54 387.51
9 427.78
53 185.97
68 771.69
88 769.86
97 292.56
54 294.11
33 807.10
81 114.40
98 684.87
9 182.50
19 404.52
33 612.70
8 890.50
49 736.64
22 457.95
65 815.77
84 438.81
48 965.61
61 654.14
25 537.43
61 279.49
64 469.87
49 424.39
97 532.84
78 446.56
16 411.27
51 694.96
28 679.22
72 230.10
91 650.84
32 391.53
42 422.96
34 228.76
44 355.23
44 225.03
8 928.57
59 165.32
79 526.84
45 981.77
66 460.35
82 953.90
15 602.75
99 538.14
59 746.86
90 712.61
37 543.93
80 435.26
54 324.01
44 992.98
4 845.37
88 749.92
45 771.73
68 882.52
6 715.25
54 700.19
86 828.60
72 455.64
82 836.85
72 987.04
22 916.17
41 623.32
91 922.42
22 453.92
14 805.69
19 143.01
40 395.95
64 986.55
66 249.43
47 159.09
80 639.01
85 411.08
40 668.79
64 621.81
16 417.84
59 176.55
57 583.80
80 304.40
47 934.98
31 471.71
75 182.93
48 447.76
50 932.78
63 537.20
63 139.98
29 323.97
28 391.32
53 598.56
44 396.27
51 780.92
100 767.27
11 935.92
84 810.20
62 414.85
4 130.79
27 322.78
5 931.54
24 944.39
21 531.85
52 253.41
59 683.13
35 507.72
81 758.43
22 238.61
76 673.62
24 227.52
44 979.81
29 627.35
36 488.95
59 643.30
59 459.93
30 487.80
87 209.89
31 399.53
41 249.33
89 512.01
76 933.82
1 665.60
38 468.35
3 442.34
20 663.40
53 911.36
61 519.48
54 802.88
70 663.52
80 350.57
48 112.42
9 837.11
28 147.70
61 976.49
91 386.11
87 822.20
78 790.89
25 508.24
10 898.22
66 731.82
66 359.11
17 253.99
24 472.85
21 924.88
68 131.31
30 874.27
89 736.94
9 101.99
95 178.33
39 210.40
28 724.98
23 464.52
39 919.77
31 816.72
53 812.31
31 446.01
13 637.30
20 948.93
16 176.93
75 718.31
37 990.30
28 343.89
79 466.16
100 823.83
82 215.83
13 757.88
79 682.80
1 138.65
84 715.20
14 239.89
4 542.45
24 149.20
13 321.93
12 986.87
98 741.00
33 251.92
56 537.80
27 347.47
65 147.82
100 951.33
54 570.73
66 987.46
85 311.48
3 235.02
82 917.27
1 785.17
27 188.75
97 944.68
36 271.39
45 701.93
43 547.58
65 198.74
4 287.20
72 415.72
23 491.12
98 461.45
80 242.97
46 277.54
35 542.74
78 677.60
100 247.11
62 215.12
73 104.25
44 570.15
41 442.54
89 950.83
7 230.80
19 923.05
5 474.26
12 656.27
51 237.05
72 862.18
5 917.01
82 939.54
75 294.12
27 190.89
26 823.32
13 793.99
25 995.64
34 259.37
84 703.46
96 347.43
73 980.50
73 280.14
24 630.52
69 129.87
17 848.11
41 864.82
18 185.54
70 469.14
4 281.98
59 127.33
51 194.92
89 356.56
35 462.69
79 499.99
20 744.77
40 178.27
12 851.22
86 802.61
50 394.73
75 663.90
55 688.06
28 722.50
31 133.81
33 684.80
86 924.30
43 655.29
29 552.84
37 361.75
88 121.54
76 444.42
70 414.71
53 204.80
62 312.29
62 393.89
85 846.44
6 251.32
73 430.56
36 420.71
7 380.39
70 736.36
51 417.99
67 310.56
25 910.17
7 122.06
80 962.50
80 460.04
67 869.18
1 309.92
63 309.13
91 413.09
60 294.85
98 572.12
58 504.98
45 168.52
37 214.85
79 313.81
98 280.28
17 772.20
79 568.31
35 356.20
90 462.68
30 400.76
54 872.42
75 767.14
26 851.36
84 353.19
34 541.38
33 190.93
76 629.60
60 818.82
8 545.12
13 622.93
34 197.78
46 631.80
45 496.61
95 316.60
10 605.07
36 105.21
21 173.41
51 320.89
38 776.83
81 235.04
35 293.50
62 463.54
14 528.56
33 332.78
7 971.58
94 288.79
79 248.13
7 541.68
64 308.13
95 714.98
53 774.94
69 622.95
79 222.27
100 629.92
33 934.95
12 167.70
24 103.01
92 457.10
16 835.99
24 265.47
28 350.05
77 274.28
35 633.14
28 452.71
31 870.28
90 811.80
27 701.81
41 771.67
96 430.54
83 365.98
67 356.12
52 705.84
42 147.81
6 716.99
20 732.57
74 434.06
8 223.86
93 446.69
89 634.07
84 491.90
3 801.27
71 343.26
68 277.22
71 827.46
70 925.02
6 131.95
47 330.77
4 701.16
2 133.89
20 874.73
94 800.80
44 793.64
28 742.91
80 786.53
57 565.40
30 328.31
68 793.41
24 452.73
13 652.07
25 555.26
60 186.01
1 733.04
44 482.33
24 178.31
77 303.76
68 588.16
77 651.76
20 714.81
88 815.30
35 429.48
80 214.15
45 299.50
16 914.59
9 395.38
71 924.37
83 855.79
66 791.15
22 317.73
20 573.03
7 407.43
85 350.81
53 562.96
15 408.12
8 856.19
79 581.84
59 916.17
31 506.99
92 199.17
76 946.18
25 992.68
91 795.91
20 471.38
26 311.71
89 186.26
80 987.90
2 238.02
73 184.32
42 776.91
63 517.86
89 306.02
48 894.59
93 818.82
24 761.24
1 738.24
88 201.54
19 191.93
1 864.94
58 100.28
92 807.26
51 136.84
29 694.44
82 493.17
17 785.51
83 893.43
93 714.66
37 594.65
6 481.06
58 365.70
11 359.56
100 532.56
39 657.98
81 787.48
85 692.98
60 664.75
62 817.54
71 898.56
82 101.10
77 957.37
58 896.30
89 146.02
28 833.58
7 929.39
100 930.80
19 102.42
22 548.03
20 831.64
35 800.81
67 157.64
8 745.43
14 450.98
19 346.32
43 712.20
72 588.85
15 793.46
45 916.94
65 168.96
82 625.83
90 510.46
13 531.83
65 677.03
72 894.19
100 613.58
39 131.77
43 439.49
67 273.98
19 260.32
43 534.87
19 241.19
12 285.37
26 891.16
63 391.12
93 373.08
63 191.02
2 398.82
7 207.40
73 175.32
60 944.03
91 364.65
40 554.66
18 500.13
47 348.00
10 881.49
36 630.35
24 840.40
74 349.62
77 627.88
13 770.62
84 500.97
45 459.66
64 660.38
55 203.89
16 732.37
82 377.47
55 254.09
91 494.11
89 518.24
77 737.91
72 551.06
2 371.79
16 798.78
89 833.65
47 690.34
13 672.08
70 309.58
67 823.15
100 110.53
14 187.97
62 270.33
56 479.61
16 408.73
84 696.91
99 589.23
14 483.50
71 588.40
11 791.48
100 821.44
52 700.58
24 741.74
66 725.32
53 605.70
82 758.52
54 654.73
32 723.63
54 682.70
1 545.16
13 220.42
45 383.44
93 566.83
99 373.40
64 578.18
46 387.76
23 593.65
57 433.67
90 297.29
36 920.41
95 903.19
14 584.39
71 258.34
49 482.81
71 797.20
8 257.88
57 426.38
14 538.31
32 140.63
13 289.41
27 261.89
31 340.60
21 666.64
8 334.37
37 938.79
80 803.70
77 874.89
4 293.44
96 463.82
66 421.56
72 958.97
9 493.52
15 806.97
78 115.13
88 238.88
25 543.14
74 170.81
72 352.72
12 487.16
84 675.02
59 273.83
91 766.54
42 518.11
47 635.06
50 588.02
55 751.30
97 166.77
14 870.21
62 834.29
43 171.49
95 973.52
20 646.52
45 242.10
96 447.62
16 854.05
76 136.84
75 169.96
62 907.01
91 338.20
61 574.76
62 510.59
90 282.26
39 654.87
14 650.25
12 653.30
37 789.76
37 152.19
83 363.73
90 654.42
19 889.61
35 147.72
26 411.40
44 571.25
34 287.21
5 753.75
90 227.84
78 735.96
56 602.87
45 195.57
56 880.72
62 108.85
82 136.35
1 515.98
56 283.64
61 569.76
55 619.21
88 574.42
71 858.27
90 855.89
21 391.73
26 465.46
44 871.81
93 444.86
87 105.40
64 613.42
12 842.59
49 300.41
66 254.50
66 707.79
81 123.48
65 540.72
48 866.49
87 847.40
68 494.05
55 765.95
22 346.33
81 712.37
35 115.39
30 359.50
61 354.72
70 515.47
80 380.04
9 713.00
76 854.00
22 998.97
43 909.88
48 926.27
44 315.79
27 954.51
40 183.13
19 960.37
60 957.95
5 366.04
17 817.25
100 365.79
55 870.34
10 579.05
91 193.23
88 104.05
43 271.12
25 373.20
31 576.31
21 927.06
31 996.46
42 200.33
80 839.34
56 485.76
47 115.42
58 845.12
18 850.38
18 810.58
94 514.77
35 887.07
49 560.62
7 468.68
69 730.12
22 259.30
50 754.37
13 128.91
74 511.19
91 458.12
17 495.71
85 780.98
88 248.25
81 688.84
52 980.08
95 405.48
42 668.56
12 904.17
95 492.04
43 616.79
41 487.24
63 623.50
86 134.51
89 808.05
91 146.38
82 461.65
59 423.47
61 120.98
60 216.24
51 333.65
15 411.43
90 855.45
26 498.02
83 217.98
55 774.41
85 615.02
100 845.35
64 848.96
81 216.18
4 144.95
78 425.60
89 861.42
61 303.45
96 328.38
73 865.21
34 955.97
30 257.25
30 578.64
13 475.26
17 511.60
61 127.39
86 302.95
71 288.76
88 339.30
4 614.36
30 864.93
64 495.20
8 557.54
61 461.11
8 447.67
50 721.75
74 371.50
42 414.18
67 193.95
78 572.87
99 148.50
9 907.50
86 689.26
78 265.17
70 777.15
85 393.08
2 936.61
68 460.36
41 708.60
88 686.94
49 713.06
54 450.57
8 659.04
1 376.05
26 456.90
12 180.36
18 736.81
47 717.12
67 197.33
39 553.46
36 744.39
55 591.73
78 429.54
40 669.56
24 450.56
95 995.79
52 632.36
68 114.87
65 220.38
56 470.93
36 305.20
53 149.48
83 567.02
53 143.16
74 945.40
10 305.66
58 542.96
16 377.15
25 547.03
3 401.82
43 953.23
70 884.26
27 392.90
64 127.71
7 969.87
62 632.12
7 869.87
34 189.58
51 342.00
71 575.54
32 578.81
17 664.72
7 231.45
13 242.23
4 1000.35
20 475.54
85 381.93
63 796.14
2 131.69
67 692.40
25 823.57
87 318.93
21 234.59
72 725.06
43 495.87
14 331.80
70 358.87
33 359.82
73 939.98
4 195.78
96 416.66
63 981.10
2 885.90
71 336.34
30 485.62
70 572.53
26 558.17
45 215.05
95 969.11
55 955.65
68 177.42
39 584.18
73 924.74
42 690.48
24 433.69
28 677.42
80 922.78
23 669.30
21 961.27
59 305.01
21 159.06
63 938.70
50 716.84
40 872.49
87 143.86
35 808.55
3 228.47
44 251.98
41 804.61
86 602.53
55 503.33
16 335.69
36 872.54
73 511.36
40 638.57
79 248.90
14 833.34
40 205.53
95 106.82
95 147.76
24 695.78
37 607.39
92 222.98
49 689.31
4 194.58
22 818.92
44 156.14
54 767.48
51 469.85
15 154.04
42 139.58
65 258.72
89 181.66
7 679.73
32 587.86
28 895.50
61 884.27
93 422.32
26 104.61
87 112.77
15 367.60
6 758.28
39 111.02
95 986.62
11 897.34
9 954.56
87 148.56
74 555.17
88 666.97
8 928.46
32 166.23
58 586.86
93 346.99
18 163.05
65 836.28
23 798.78
95 908.91
56 876.79
15 450.08
89 646.00
60 935.85
80 251.40
33 411.16
55 357.70
74 757.82
11 291.02
86 857.47
37 562.55
79 164.43
10 539.50
58 164.74
44 326.70
100 930.33
60 666.09
91 180.56
59 666.58
48 165.68
26 950.66
20 625.88
56 491.52
47 736.24
36 923.28
90 266.71
92 111.23
3 344.12
90 452.60
1 943.01
7 354.51
65 709.42
13 241.41
49 863.64
4 817.48
23 374.06
83 857.42
94 136.39
60 934.27
33 602.62
60 833.31
97 824.40
93 271.22
46 219.85
3 847.91
53 258.36
5 128.16
29 397.36
85 710.58
65 196.03
67 392.28
84 939.78
33 656.43
27 854.60
53 818.14
40 520.95
88 525.87
44 471.70
59 275.46
93 665.87
94 449.06
61 647.16
72 994.96
55 229.22
28 778.02
18 723.80
43 346.45
29 658.99
72 920.87
69 987.34
68 715.52
73 285.62
30 542.30
69 987.56
30 691.71
1 567.71
36 512.13
80 839.69
19 995.00
17 896.40
81 728.25
82 327.99
15 646.38
86 768.49
17 844.33
39 323.13
14 601.08
97 682.70
61 378.35
68 150.93
33 626.76
39 507.17
49 649.93
21 757.13
10 523.08
24 722.93
34 392.10
53 893.43
58 799.42
29 751.82
10 333.57
77 837.78
90 1000.41
87 569.78
68 808.85
42 488.71
58 580.59
56 656.75
88 217.82
14 936.29
59 759.89
1 106.27
11 531.88
58 469.25
11 806.24
98 833.93
83 768.89
34 930.57
81 764.50
45 945.53
15 576.08
28 681.91
57 508.00
85 661.94
60 689.03
28 319.64
5 977.61
52 364.89
31 707.01
52 212.22
9 599.56
51 638.97
73 411.13
87 538.50
64 111.69
58 136.90
51 196.14
12 475.18
56 202.06
56 816.03
20 594.04
17 182.74
19 254.36
72 636.19
44 285.45
1 631.80
31 615.83
60 826.86
51 959.76
34 442.74
52 299.75
53 419.95
77 529.66
53 851.40
82 297.07
16 571.69
47 491.30
48 220.50
1 418.16
7 892.27
46 526.03
37 190.11
96 810.34
24 332.81
27 809.20
76 744.98
85 173.93
18 325.49
23 756.87
39 170.48
48 851.99
52 507.85
44 283.94
19 149.34
89 747.72
6 646.89
7 369.54
46 460.13
99 185.83
89 373.59
56 667.28
72 601.16
81 199.31
51 543.22
7 991.93
67 316.33
70 971.81
79 374.56
45 922.09
51 156.82
62 715.12
74 160.31
11 900.04
25 980.21
91 920.93
42 162.34
78 799.52
66 680.10
33 811.88
87 966.24
90 151.34
42 232.97
29 579.55
96 874.18
19 815.35
69 553.77
11 198.14
31 623.85
97 139.30
63 377.31
7 322.19
64 216.13
83 991.23
28 390.69
50 282.51
50 434.72
31 135.97
54 170.16
88 365.05
66 327.61
39 667.12
26 288.81
44 993.38
60 149.73
23 631.13
63 568.85
10 118.12
44 387.84
86 601.87
89 988.75
21 139.43
74 277.27
63 996.42
38 295.90
5 845.25
44 388.21
53 828.93
23 580.01
55 705.58
32 537.67
9 539.44
74 107.58
23 494.88
73 655.04
31 703.11
21 493.91
93 233.83
86 545.98
71 848.43
62 956.60
40 853.31
66 245.57
60 592.23
33 961.66
95 912.01
90 429.69
74 197.96
93 752.49
73 994.36
99 584.54
92 719.16
27 733.84
43 647.30
70 800.14
48 713.55
39 198.69
19 767.26
25 773.80
39 712.35
17 688.48
11 389.51
76 458.38
4 687.58
36 484.70
23 771.53
73 212.20
16 566.50
57 307.42
40 604.86
12 477.59
83 492.53
62 908.14
10 100.09
6 631.72
25 706.30
15 283.25
51 331.22
10 858.78
59 198.10
49 737.23
12 861.45
81 453.26
87 800.30
2 970.66
24 946.36
23 999.17
50 445.05
81 886.33
91 161.74
98 746.73
81 901.37
67 808.26
65 278.90
19 268.52
10 954.91
32 412.00
92 687.39
55 571.09
4 252.39
46 833.52
74 673.09
98 452.97
56 388.41
27 981.88
54 976.52
18 645.34
66 638.29
94 906.54
76 305.69
18 683.73
71 874.72
96 360.95
96 337.82
1 386.14
77 775.35
83 181.52
76 984.30
65 295.51
40 647.20
31 477.95
78 112.48
96 143.05
70 883.15
28 245.45
88 790.82
70 947.99
82 691.55
8 473.63
48 239.09
15 595.79
41 282.18
45 408.87
3 253.44
7 225.62
45 929.41
85 628.73
32 409.75
35 705.94
94 964.24
64 923.82
87 286.29
34 243.39
34 117.52
58 471.75
99 504.88
40 330.23
15 290.38
82 826.78
72 106.31
49 766.37
23 324.80
19 565.61
14 932.28
90 394.12
43 853.93
73 243.87
12 744.24
24 492.20
13 362.82
34 647.99
92 359.52
50 412.33
55 327.31
58 778.18
94 826.02
16 264.19
3 824.19
64 977.81
17 530.23
28 214.69
5 837.91
2 129.76
26 829.02
28 265.01
3 300.80
55 895.93
75 103.06
12 921.88
7 173.23
59 806.80
38 556.08
15 844.79
66 592.25
99 913.86
72 596.95
48 583.58
19 294.03
50 756.39
57 390.55
97 126.98
58 549.32
80 695.29
29 872.96
31 270.40
59 335.33
97 929.18
37 659.07
59 900.40
14 702.21
48 328.81
51 564.75
1 503.04
12 165.50
96 630.04
95 982.06
94 102.02
2 544.10
71 520.69
14 615.77
7 218.07
37 730.14
82 290.35
59 940.08
21 719.57
6 785.87
24 824.46
100 717.25
46 347.30
3 633.50
51 168.86
35 513.04
22 796.31
74 479.85
40 345.64
70 169.60
94 541.24
81 542.86
53 221.62
11 498.00
19 381.45
97 501.61
88 555.56
51 102.09
34 557.68
7 232.25
78 737.07
48 890.38
40 724.57
88 752.20
45 485.69
50 376.40
81 908.02
8 416.43
30 292.86
12 964.32
45 636.63
42 782.18
38 710.02
87 333.61
65 489.17
11 448.44
48 316.18
50 624.07
54 700.89
80 162.50
70 103.00
66 376.36
15 819.09
28 990.57
100 851.62
56 242.73
5 282.66
69 941.02
25 607.47
78 902.65
72 718.96
1 136.85
92 929.92
71 667.17
32 263.97
45 802.77
50 659.51
54 462.00
24 155.95
37 436.82
33 161.45
96 960.27
86 699.64
76 579.30
49 618.05
59 415.48
16 889.32
10 594.74
24 231.66
62 532.55
33 365.94
33 386.53
24 344.86
79 946.46
71 584.11
60 441.23
48 455.34
1 230.29
72 567.42
9 394.35
99 302.76
62 348.88
99 882.47
83 495.32
93 498.39
98 623.00
88 172.95
60 832.73
86 459.91
5 841.60
2 228.32
56 142.43
57 991.33
34 135.22
29 164.10
69 385.60
92 709.55
21 402.58
51 557.49
84 309.33
5 124.91
19 482.52
88 938.72
49 827.83
80 184.93
40 564.07
77 814.41
19 972.66
58 978.31
28 194.57
32 922.62
70 239.74
10 899.25
45 694.86
97 736.12
97 738.83
46 905.65
95 699.06
43 724.71
54 147.24
13 167.51
61 380.94
47 342.21
48 167.14
87 409.00
76 785.65
12 616.27
87 192.66
64 207.41
50 526.65
59 428.72
31 683.55
65 576.27
65 113.88
66 823.99
79 233.53
48 413.09
92 980.42
50 334.72
90 206.43
70 470.40
82 967.60
17 323.90
28 981.90
82 495.90
5 624.62
92 991.76
93 338.59
63 618.85
13 564.93
58 584.21
74 115.02
87 510.81
13 113.31
93 971.00
9 523.19
14 585.05
25 572.83
94 322.84
94 205.98
58 349.38
29 484.44
95 657.35
96 716.82
84 408.77
65 497.60
67 512.97
7 407.97
30 224.43
85 709.33
77 700.04
84 880.18
95 956.53
63 641.59
12 836.70
30 391.79
74 331.57
32 515.57
7 347.15
50 857.54
68 280.23
64 560.05
40 176.20
5 939.39
23 620.48
65 871.77
46 578.68
21 940.31
12 364.73
77 961.85
84 876.64
17 178.30
92 679.74
49 575.97
87 716.60
78 685.60
96 281.81
73 866.59
43 455.61
50 665.73
23 488.89
38 195.64
82 651.69
19 281.32
99 327.99
64 878.86
20 215.90
88 203.93
36 152.96
84 117.43
6 425.05
50 534.38
60 905.35
80 518.04
85 877.89
94 142.23
35 166.09
25 247.64
82 218.16
77 196.20
27 527.02
84 440.30
48 129.29
85 312.60
14 140.62
76 660.29
32 345.05
54 727.83
72 898.16
2 559.15
35 490.66
56 770.31
18 811.98
15 488.20
57 187.55
31 576.59
84 357.41
95 169.60
66 440.81
11 558.08
78 141.98
35 870.86
86 741.14
98 355.22
53 843.18
89 374.27
45 417.25
58 628.98
29 729.39
77 467.23
11 402.01
24 812.72
24 898.23
58 305.63
1 822.81
90 120.10
2 491.05
49 397.43
29 400.16
19 786.46
95 630.93
57 537.44
38 982.33
4 363.13
73 672.03
20 724.81
67 428.49
73 612.21
99 819.47
34 907.45
92 410.88
43 910.61
9 121.76
24 884.93
82 125.37
13 692.53
37 525.67
71 121.36
57 324.06
9 250.32
38 257.98
77 758.19
83 959.71
51 664.41
7 869.73
31 439.03
15 813.06
58 371.26
58 756.55
48 376.40
82 960.05
15 850.84
62 258.28
33 965.47
29 780.62
7 676.82
34 326.26
97 977.94
11 385.97
13 421.44
76 627.90
39 942.91
64 549.68
59 163.06
97 356.57
3 863.30
66 805.67
28 158.25
13 515.51
66 523.35
8 376.16
58 675.21
25 174.02
57 238.84
81 513.38
5 470.25
92 107.23
63 832.59
47 292.30
80 906.11
15 401.20
61 986.55
63 994.46
66 530.79
49 699.10
45 738.04
6 590.60
45 779.26
78 899.42
31 453.40
57 761.73
34 980.30
18 204.73
100 125.27
98 906.18
32 140.60
69 417.93
28 311.30
11 295.25
26 354.69
29 755.73
38 741.80
75 308.57
18 417.14
16 642.52
89 430.45
26 609.73
8 565.62
10 455.49
2 867.19
40 398.25
78 119.25
33 332.93
80 945.21
49 495.38
17 713.46
40 683.90
71 278.78
91 647.53
61 193.24
77 592.79
80 953.62
14 339.82
69 278.85
11 107.76
92 644.68
96 916.53
69 740.28
87 411.88
31 666.92
96 165.88
40 791.57
77 752.41
7 231.42
20 382.39
64 902.17
29 131.35
54 852.30
76 212.77
68 101.30
67 427.63
88 459.54
22 429.45
77 552.52
68 429.21
41 139.69
51 812.08
88 437.13
67 872.28
78 778.14
24 101.03
63 925.46
31 941.50
77 944.73
89 305.87
65 760.27
17 508.80
50 710.07
16 872.96
7 507.40
33 321.31
84 124.81
1 642.35
17 126.01
24 763.63
53 451.73
25 909.84
73 310.63
45 683.91
34 818.00
94 117.46
6 739.48
81 476.14
49 956.48
46 775.16
64 360.36
36 113.05
20 815.64
86 714.13
86 254.80
37 504.53
53 358.39
92 664.23
28 453.87
99 560.22
95 827.48
94 257.50
87 745.75
45 574.32
68 302.23
65 221.14
86 809.17
56 903.33
99 285.96
43 508.69
22 808.89
20 707.88
77 118.10
26 596.58
52 398.09
4 611.49
58 674.15
5 104.04
62 726.08
49 192.53
74 301.38
11 977.48
24 279.73
48 338.96
1 321.02
4 800.05
32 526.87
71 890.63
46 136.98
11 737.69
96 214.95
7 734.83
16 559.32
78 157.21
46 304.29
79 889.52
93 499.74
8 972.52
73 189.36
100 750.55
32 743.30
9 470.21
99 354.49
23 687.31
