100
21 176.37
16 239.67
12 262.88
53 815.63
30 123.04
96 834.48
96 859.97
67 865.05
31 978.21
3 240.36
33 238.62
41 973.31
74 954.30
3 557.07
63 417.34
99 136.22
50 984.47
85 870.25
13 282.77
60 188.42
17 638.53
62 894.15
25 457.11
8 744.51
64 768.43
38 168.70
76 537.62
39 542.64
60 168.93
2 368.84
66 938.42
15 125.64
91 233.60
26 669.16
9 496.53
41 299.77
53 467.50
7 657.85
95 565.76
3 245.95
80 102.99
97 329.38
65 805.36
85 802.90
95 702.24
65 641.18
65 553.13
16 326.47
9 145.27
41 261.69
50 354.15
83 302.83
76 723.58
49 373.37
87 652.98
37 595.84
16 231.52
61 678.21
58 913.21
90 362.05
24 121.30
14 944.22
94 197.65
37 732.04
97 861.79
66 695.77
79 326.91
97 670.83
5 376.42
46 524.69
13 523.82
91 430.50
14 469.30
71 709.62
59 499.14
12 365.83
72 345.70
17 664.01
65 454.58
40 395.40
59 444.31
11 344.61
68 915.31
43 230.95
8 720.27
87 665.29
48 369.74
2 899.36
22 949.59
31 339.19
50 967.07
59 162.71
48 597.87
85 646.57
72 853.55
65 209.72
74 291.53
27 388.18
86 526.55
14 366.56
